-5.000000 15.000000
-1.104526 5.979578
2.084519 6.635129
-5.000000 15.000000
7.256893 19.722939
-1.097548 5.579776
-5.000000 15.000000
12.011882 33.803272
12.011882 33.803272
15.000000 5.000000
-1.307985 6.175989
16.291494 29.278847
15.000000 5.000000
2.981063 1.052187
2.981063 1.052187
-5.000000 15.000000
0.276734 4.394332
0.276734 4.394332
5.000000 -15.000000
-5.582781 12.495087
-5.582781 12.495087
5.000000 -15.000000
0.613866 0.789133
0.613866 0.789133
5.000000 -15.000000
1.725371 7.168512
-1.554396 2.626637
