0.000000 0.000000
-0.031623 0.094868
-0.063246 0.189737
-0.094868 0.284605
-0.126491 0.379473
-0.158114 0.474342
-0.189737 0.569210
-0.221359 0.664078
-0.252982 0.758947
-0.284605 0.853815
-0.316228 0.948683
-0.347851 1.043551
-0.379473 1.138420
-0.411096 1.233288
-0.442719 1.328156
-0.474342 1.423025
-0.505964 1.517893
-0.537587 1.612761
-0.569210 1.707630
-0.600833 1.802498
-0.632455 1.897366
-0.664078 1.992234
-0.695701 2.087103
-0.727324 2.181971
-0.758947 2.276840
-0.790569 2.371708
-0.822192 2.466577
-0.853815 2.561445
-0.885438 2.656313
-0.917060 2.751182
-0.948683 2.846050
-0.980306 2.940919
-1.011929 3.035787
-1.043551 3.130656
-1.075174 3.225524
-1.106797 3.320392
-1.138420 3.415261
-1.170043 3.510129
-1.204402 3.604041
-1.240223 3.697405
-1.278047 3.789976
-1.318647 3.881363
-1.363122 3.970929
-1.412987 4.057609
-1.470134 4.139671
-1.536321 4.214633
-1.611897 4.280118
-1.694829 4.335995
-1.781889 4.385195
-1.870489 4.431564
-1.959051 4.478004
-2.046641 4.526254
-2.132659 4.577253
-2.216692 4.631460
-2.298435 4.689063
-2.377656 4.750087
-2.454176 4.814466
-2.527857 4.882077
-2.598593 4.952761
-2.666314 5.026340
-2.730973 5.102624
-2.792551 5.181416
-2.851051 5.262519
-2.906499 5.345739
-2.958942 5.430884
-3.008448 5.517770
-3.055099 5.606222
-3.098998 5.696071
-3.140258 5.787162
-3.179007 5.879349
-3.215384 5.972498
-3.249537 6.066485
-3.281617 6.161200
-3.311784 6.256541
-3.340197 6.352420
-3.367015 6.448757
-3.392396 6.545482
-3.416494 6.642535
-3.439458 6.739863
-3.461426 6.837420
-3.479949 6.935689
-3.498472 7.033959
-3.516995 7.132228
-3.535518 7.230498
-3.554041 7.328767
-3.572564 7.427037
-3.591087 7.525306
-3.609610 7.623576
-3.628133 7.721845
-3.646656 7.820115
-3.665179 7.918384
-3.683702 8.016654
-3.702225 8.114923
-3.720748 8.213193
-3.739271 8.311462
-3.757794 8.409732
-3.776317 8.508001
-3.794840 8.606271
-3.813363 8.704540
-3.831886 8.802810
-3.850409 8.901079
-3.868932 8.999349
-3.887455 9.097618
-3.905978 9.195888
-3.924501 9.294157
-3.943024 9.392426
-3.961547 9.490696
-3.980070 9.588965
-3.998593 9.687235
-4.017116 9.785504
-4.035638 9.883774
-4.054161 9.982043
-4.072684 10.080313
-4.091207 10.178582
-4.109729 10.276852
-4.128252 10.375121
-4.146775 10.473391
-4.165298 10.571660
-4.183820 10.669930
-4.202343 10.768199
-4.220866 10.866468
-4.239388 10.964738
-4.257911 11.063007
-4.276434 11.161277
-4.294957 11.259546
-4.313479 11.357816
-4.332002 11.456085
-4.350525 11.554355
-4.369048 11.652624
-4.387571 11.750894
-4.406094 11.849163
-4.424617 11.947433
-4.443140 12.045702
-4.461663 12.143971
-4.480186 12.242241
-4.498709 12.340510
-4.517232 12.438780
-4.535755 12.537049
-4.554277 12.635319
-4.572801 12.733588
-4.591323 12.831858
-4.609846 12.930127
-4.628369 13.028397
-4.646893 13.126666
-4.665415 13.224936
-4.683938 13.323205
-4.702461 13.421474
-4.720984 13.519744
-4.739507 13.618013
-4.758030 13.716283
-4.776553 13.814552
-4.795076 13.912822
-4.813599 14.011091
-4.832122 14.109361
-4.850645 14.207630
-4.869168 14.305900
-4.887691 14.404169
-4.906214 14.502439
-4.924737 14.600708
-4.943260 14.698977
-4.961783 14.797247
-4.980306 14.895516
-4.998829 14.993786
-5.017349 15.092056
-4.998829 14.993786
-5.017349 15.092056
-4.998829 14.993786
-5.017349 15.092056
-4.998829 14.993786
-5.017349 15.092056
-4.998829 14.993786
-5.017349 15.092056
-4.998829 14.993786
-5.017349 15.092056
-4.998829 14.993786
-5.017349 15.092056
-4.998829 14.993786
-5.017349 15.092056
-4.998829 14.993786
-5.017349 15.092056
-4.998829 14.993786
-5.017349 15.092056
-4.998829 14.993786
-5.017349 15.092056
-4.998829 14.993786
-5.017349 15.092056
-4.998829 14.993786
-5.017349 15.092056
-4.998829 14.993786
-5.017349 15.092056
-4.998829 14.993786
-5.017349 15.092056
-4.998829 14.993786
-5.017349 15.092056
-4.998829 14.993786
-5.017349 15.092056
-4.998829 14.993786
-5.017349 15.092056
-4.998829 14.993786
-5.017349 15.092056
0.000000 0.000000
-0.031623 0.094868
-0.063246 0.189737
-0.094868 0.284605
-0.126491 0.379473
-0.158114 0.474342
-0.189737 0.569210
-0.221359 0.664078
-0.252982 0.758947
-0.284605 0.853815
-0.316228 0.948683
-0.347851 1.043551
-0.379473 1.138420
-0.411096 1.233288
-0.442719 1.328156
-0.474342 1.423025
-0.505964 1.517893
-0.537587 1.612761
-0.569210 1.707630
-0.600833 1.802498
-0.632455 1.897366
-0.664078 1.992234
-0.695701 2.087103
-0.727324 2.181971
-0.758947 2.276840
-0.790569 2.371708
-0.822192 2.466577
-0.853815 2.561445
-0.885438 2.656313
-0.917060 2.751182
-0.948683 2.846050
-0.980306 2.940919
-1.011929 3.035787
-1.043551 3.130656
-1.077977 3.224543
-1.113913 3.317863
-1.151975 3.410336
-1.193083 3.501496
-1.238627 3.590523
-1.290662 3.675918
-1.351912 3.754965
-1.424742 3.823491
-1.508464 3.878178
-1.598725 3.921224
-1.691415 3.958754
-1.784377 3.995605
-1.876561 4.034363
-1.967365 4.076252
-2.056386 4.121807
-2.143323 4.171223
-2.227937 4.224519
-2.310032 4.281618
-2.389449 4.342388
-2.466055 4.406665
-2.539746 4.474264
-2.610440 4.544991
-2.678081 4.618644
-2.742633 4.695018
-2.804084 4.773909
-2.862442 4.855114
-2.917733 4.938438
-2.970007 5.023687
-3.019327 5.110679
-3.065776 5.199236
-3.109451 5.289195
-3.150464 5.380397
-3.188939 5.472700
-3.225010 5.565968
-3.258820 5.660079
-3.290519 5.754921
-3.320261 5.850396
-3.348205 5.946412
-3.374507 6.042891
-3.399325 6.139762
-3.422811 6.236965
-3.445114 6.334446
-3.466376 6.432160
-3.483996 6.530595
-3.501616 6.629031
-3.519235 6.727466
-3.536855 6.825902
-3.554474 6.924337
-3.572094 7.022772
-3.589714 7.121208
-3.607334 7.219643
-3.624953 7.318079
-3.642573 7.416514
-3.660193 7.514949
-3.677813 7.613385
-3.695432 7.711820
-3.713052 7.810256
-3.730672 7.908691
-3.748291 8.007127
-3.765911 8.105562
-3.783531 8.203998
-3.801151 8.302433
-3.818770 8.400868
-3.836390 8.499304
-3.854010 8.597739
-3.871629 8.696175
-3.889249 8.794610
-3.906869 8.893045
-3.924489 8.991481
-3.942108 9.089916
-3.959728 9.188352
-3.977348 9.286787
-3.994967 9.385222
-4.012587 9.483658
-4.030207 9.582093
-4.047826 9.680529
-4.065446 9.778964
-4.083066 9.877399
-4.100685 9.975835
-4.118305 10.074270
-4.135924 10.172706
-4.153544 10.271141
-4.171164 10.369576
-4.188783 10.468012
-4.206403 10.566447
-4.224022 10.664883
-4.241642 10.763318
-4.259262 10.861753
-4.276881 10.960189
-4.294501 11.058624
-4.312120 11.157060
-4.329740 11.255495
-4.347360 11.353930
-4.364979 11.452366
-4.382599 11.550801
-4.400218 11.649237
-4.417838 11.747672
-4.435458 11.846107
-4.453077 11.944543
-4.470697 12.042978
-4.488317 12.141414
-4.505936 12.239849
-4.523556 12.338284
-4.541175 12.436720
-4.558795 12.535155
-4.576415 12.633591
-4.594035 12.732026
-4.611655 12.830462
-4.629275 12.928897
-4.646894 13.027332
-4.664515 13.125768
-4.682134 13.224203
-4.699754 13.322639
-4.717374 13.421074
-4.734994 13.519509
-4.752614 13.617945
-4.770233 13.716380
-4.787853 13.814816
-4.805473 13.913251
-4.823093 14.011686
-4.840713 14.110122
-4.858333 14.208557
-4.875952 14.306993
-4.893572 14.405428
-4.911192 14.503863
-4.928812 14.602299
-4.946432 14.700734
-4.964052 14.799170
-4.981671 14.897605
-4.999291 14.996040
-5.016907 15.094477
-4.999291 14.996040
-5.016907 15.094477
-4.999291 14.996040
-5.016907 15.094477
-4.999291 14.996040
-5.016907 15.094477
-4.999291 14.996040
-5.016907 15.094477
-4.999291 14.996040
-5.016907 15.094477
-4.999291 14.996040
-5.016907 15.094477
-4.999291 14.996040
-5.016907 15.094477
-4.999291 14.996040
-5.016907 15.094477
-4.999291 14.996040
-5.016907 15.094477
-4.999291 14.996040
-5.016907 15.094477
-4.999291 14.996040
-5.016907 15.094477
-4.999291 14.996040
-5.016907 15.094477
-4.999291 14.996040
-5.016907 15.094477
-4.999291 14.996040
-5.016907 15.094477
-4.999291 14.996040
-5.016907 15.094477
-4.999291 14.996040
-5.016907 15.094477
-4.999291 14.996040
-5.016907 15.094477
-4.999291 14.996040
0.000000 0.000000
-0.031623 0.094868
-0.063246 0.189737
-0.094868 0.284605
-0.126491 0.379473
-0.158114 0.474342
-0.189737 0.569210
-0.221359 0.664078
-0.252982 0.758947
-0.284605 0.853815
-0.316228 0.948683
-0.347851 1.043551
-0.379473 1.138420
-0.411096 1.233288
-0.442719 1.328156
-0.474342 1.423025
-0.505964 1.517893
-0.537587 1.612761
-0.569210 1.707630
-0.600833 1.802498
-0.632455 1.897366
-0.664078 1.992234
-0.695701 2.087103
-0.727324 2.181971
-0.758947 2.276840
-0.790569 2.371708
-0.822192 2.466577
-0.853815 2.561445
-0.885438 2.656313
-0.917060 2.751182
-0.948683 2.846050
-0.980306 2.940919
-1.011929 3.035787
-1.043551 3.130656
-1.075174 3.225524
-1.106797 3.320392
-1.138420 3.415261
-1.170043 3.510129
-1.201665 3.604998
-1.233288 3.699866
-1.264911 3.794734
-1.296534 3.889603
-1.328156 3.984471
-1.359779 4.079340
-1.391402 4.174208
-1.423025 4.269076
-1.454647 4.363944
-1.486270 4.458812
-1.517893 4.553680
-1.549516 4.648549
-1.581138 4.743417
-1.612761 4.838285
-1.644384 4.933153
-1.676007 5.028021
-1.707630 5.122890
-1.739252 5.217758
-1.770875 5.312626
-1.802498 5.407494
-1.834121 5.502362
-1.865743 5.597230
-1.897366 5.692099
-1.928989 5.786967
-1.960612 5.881835
-1.992234 5.976703
-2.023857 6.071571
-2.055480 6.166440
-2.087103 6.261308
-2.118726 6.356176
-2.150349 6.451044
-2.181972 6.545912
-2.213594 6.640780
-2.245217 6.735649
-2.276840 6.830517
-2.308463 6.925385
-2.340086 7.020253
-2.371708 7.115121
-2.403331 7.209990
-2.434954 7.304858
-2.466577 7.399726
-2.498199 7.494594
-2.529822 7.589462
-2.561445 7.684330
-2.593067 7.779199
-2.624690 7.874067
-2.656313 7.968935
-2.687936 8.063804
-2.719558 8.158672
-2.751181 8.253541
-2.782804 8.348410
-2.814427 8.443278
-2.846050 8.538147
-2.877673 8.633016
-2.909296 8.727884
-2.940918 8.822753
-2.972541 8.917622
-3.004164 9.012490
-3.035787 9.107359
-3.067410 9.202228
-3.099033 9.297096
-3.130656 9.391965
-3.162279 9.486834
-3.193902 9.581702
-3.225524 9.676571
-3.257147 9.771440
-3.288770 9.866308
-3.320393 9.961177
-3.352016 10.056046
-3.383639 10.150914
-3.415262 10.245783
-3.446885 10.340652
-3.478508 10.435520
-3.510130 10.530389
-3.541753 10.625257
-3.573376 10.720126
-3.604999 10.814995
-3.636621 10.909863
-3.668244 11.004732
-3.699867 11.099601
-3.731490 11.194469
-3.763113 11.289338
-3.794736 11.384207
-3.826359 11.479075
-3.857982 11.573944
-3.889605 11.668813
-3.921227 11.763681
-3.952850 11.858550
-3.984473 11.953419
-4.016096 12.048287
-4.047719 12.143156
-4.079342 12.238025
-4.110965 12.332893
-4.142588 12.427762
-4.174211 12.522631
-4.205833 12.617499
-4.237456 12.712368
-4.269079 12.807237
-4.300702 12.902105
-4.332325 12.996974
-4.363948 13.091843
-4.395571 13.186711
-4.427194 13.281580
-4.458817 13.376449
-4.490439 13.471317
-4.522062 13.566186
-4.553685 13.661055
-4.585308 13.755923
-4.616931 13.850792
-4.648554 13.945661
-4.680177 14.040529
-4.711800 14.135398
-4.743423 14.230267
-4.775045 14.325135
-4.806668 14.420004
-4.838291 14.514873
-4.869914 14.609741
-4.901537 14.704610
-4.933160 14.799479
-4.964782 14.894347
-4.996405 14.989216
-5.028029 15.084084
-4.996405 14.989216
-5.028029 15.084084
-4.996405 14.989216
-5.028029 15.084084
-4.996405 14.989216
-5.028029 15.084084
-4.996405 14.989216
-5.028029 15.084084
-4.996405 14.989216
-5.028029 15.084084
-4.996405 14.989216
-5.028029 15.084084
-4.996405 14.989216
-5.028029 15.084084
-4.996405 14.989216
-5.028029 15.084084
-4.996405 14.989216
-5.028029 15.084084
-4.996405 14.989216
-5.028029 15.084084
-4.996405 14.989216
-5.028029 15.084084
-4.996405 14.989216
-5.028029 15.084084
-4.996405 14.989216
-5.028029 15.084084
-4.996405 14.989216
-5.028029 15.084084
-4.996405 14.989216
-5.028029 15.084084
-4.996405 14.989216
-5.028029 15.084084
-4.996405 14.989216
-5.028029 15.084084
-4.996405 14.989216
-5.028029 15.084084
-4.996405 14.989216
-5.028029 15.084084
-4.996405 14.989216
-5.028029 15.084084
0.000000 0.000000
0.094868 0.031623
0.189737 0.063246
0.284605 0.094868
0.379473 0.126491
0.474342 0.158114
0.569210 0.189737
0.664078 0.221359
0.758947 0.252982
0.853815 0.284605
0.948683 0.316228
1.043552 0.347851
1.138420 0.379473
1.233288 0.411096
1.328156 0.442719
1.423025 0.474342
1.517893 0.505964
1.612761 0.537587
1.707630 0.569210
1.802498 0.600833
1.897366 0.632455
1.992235 0.664078
2.087103 0.695701
2.181971 0.727324
2.276840 0.758947
2.371708 0.790569
2.466577 0.822192
2.561445 0.853815
2.656313 0.885438
2.751182 0.917060
2.846050 0.948683
2.940919 0.980306
3.035787 1.011929
3.130656 1.043551
3.225524 1.075174
3.320392 1.106797
3.415261 1.138420
3.510129 1.170043
3.604998 1.201665
3.699866 1.233288
3.794734 1.264911
3.889603 1.296534
3.984471 1.328156
4.079340 1.359779
4.174208 1.391402
4.269076 1.423025
4.363944 1.454647
4.458812 1.486270
4.553680 1.517893
4.648549 1.549516
4.743417 1.581138
4.838285 1.612761
4.933153 1.644384
5.028021 1.676007
5.122890 1.707630
5.217758 1.739252
5.312626 1.770875
5.407494 1.802498
5.502362 1.834121
5.597230 1.865743
5.692099 1.897366
5.786967 1.928989
5.881835 1.960612
5.976703 1.992234
6.071571 2.023857
6.166440 2.055480
6.261308 2.087103
6.356176 2.118726
6.451044 2.150349
6.545912 2.181972
6.640780 2.213594
6.735649 2.245217
6.830517 2.276840
6.925385 2.308463
7.020253 2.340086
7.115121 2.371709
7.209990 2.403332
7.304858 2.434954
7.399726 2.466577
7.494594 2.498200
7.589462 2.529823
7.684330 2.561445
7.779199 2.593068
7.874067 2.624691
7.968935 2.656313
8.063804 2.687936
8.158672 2.719559
8.253541 2.751182
8.348410 2.782804
8.443278 2.814427
8.538147 2.846050
8.633016 2.877673
8.727884 2.909296
8.822753 2.940918
8.917622 2.972541
9.012490 3.004164
9.107359 3.035787
9.202228 3.067410
9.297096 3.099032
9.391965 3.130655
9.486834 3.162278
9.581702 3.193901
9.676571 3.225524
9.771440 3.257147
9.866308 3.288770
9.961177 3.320393
10.056046 3.352015
10.150914 3.383638
10.245783 3.415261
10.340652 3.446884
10.435520 3.478507
10.530389 3.510130
10.625257 3.541753
10.720126 3.573375
10.814995 3.604998
10.909863 3.636621
11.004732 3.668244
11.099601 3.699867
11.194469 3.731490
11.289338 3.763113
11.384207 3.794736
11.479075 3.826359
11.573944 3.857981
11.668813 3.889604
11.763681 3.921227
11.858550 3.952850
11.953419 3.984473
12.048287 4.016096
12.143156 4.047719
12.238025 4.079341
12.332893 4.110964
12.427762 4.142587
12.522631 4.174210
12.617499 4.205833
12.712368 4.237456
12.807237 4.269079
12.902105 4.300702
12.996974 4.332325
13.091843 4.363947
13.186711 4.395570
13.281580 4.427193
13.376449 4.458816
13.471317 4.490439
13.566186 4.522062
13.661055 4.553685
13.755923 4.585308
13.850792 4.616930
13.945661 4.648553
14.040529 4.680176
14.135398 4.711799
14.230267 4.743422
14.325135 4.775045
14.420004 4.806668
14.514873 4.838291
14.609741 4.869914
14.704610 4.901536
14.799479 4.933159
14.894347 4.964782
14.989216 4.996405
0.000000 0.000000
0.094868 0.031623
0.189737 0.063246
0.284605 0.094868
0.379473 0.126491
0.474342 0.158114
0.569210 0.189737
0.664078 0.221359
0.759187 0.252253
0.854490 0.282539
0.950190 0.311550
1.046940 0.336835
1.145982 0.323027
1.065705 0.263398
1.162252 0.237346
1.107194 0.153867
1.198858 0.113896
1.195844 0.013941
1.269598 -0.053590
1.314526 -0.142929
1.374440 -0.222993
1.436128 -0.301699
1.501336 -0.377514
1.569876 -0.450330
1.641594 -0.520019
1.716332 -0.586459
1.793929 -0.649537
1.874216 -0.709151
1.957025 -0.765211
2.042181 -0.817636
2.129510 -0.866357
2.218834 -0.911315
2.309975 -0.952465
2.402756 -0.989771
2.497000 -1.023209
2.592531 -1.052766
2.689179 -1.078442
2.786773 -1.100245
2.885149 -1.118197
2.984145 -1.132329
3.083608 -1.142681
3.183388 -1.149307
3.283345 -1.152266
3.383343 -1.151628
3.483256 -1.147474
3.582968 -1.139891
3.682370 -1.128973
3.781364 -1.114822
3.879861 -1.097549
3.977783 -1.077267
4.075062 -1.054098
4.171641 -1.028167
4.267475 -0.999603
4.362528 -0.968540
4.456776 -0.935114
4.550205 -0.899462
4.637286 -0.850301
4.724367 -0.801139
4.811448 -0.751977
4.898529 -0.702815
4.985610 -0.653653
5.072691 -0.604491
5.159772 -0.555330
5.246853 -0.506168
5.333934 -0.457006
5.421015 -0.407844
5.508096 -0.358682
5.595177 -0.309520
5.682258 -0.260358
5.769339 -0.211197
5.856420 -0.162035
5.943501 -0.112873
6.030581 -0.063711
6.117662 -0.014549
6.204743 0.034613
6.291824 0.083775
6.378905 0.132936
6.465986 0.182098
6.553067 0.231260
6.640148 0.280422
6.727229 0.329584
6.814310 0.378746
6.901391 0.427908
6.988472 0.477069
7.075553 0.526231
7.162634 0.575393
7.249715 0.624555
7.336796 0.673717
7.423877 0.722879
7.510958 0.772041
7.598039 0.821202
7.685120 0.870364
7.772201 0.919526
7.859282 0.968688
7.946362 1.017850
8.033443 1.067012
8.120524 1.116173
8.207605 1.165335
8.294686 1.214497
8.381767 1.263659
8.468848 1.312821
8.555929 1.361982
8.643010 1.411144
8.730091 1.460306
8.817172 1.509468
8.904253 1.558630
8.991334 1.607791
9.078415 1.656953
9.165496 1.706115
9.252577 1.755277
9.339658 1.804439
9.426739 1.853601
9.513820 1.902762
9.600901 1.951924
9.687982 2.001086
9.775063 2.050248
9.862144 2.099410
9.949224 2.148572
10.036305 2.197734
10.123386 2.246896
10.210467 2.296057
10.297548 2.345219
10.384629 2.394381
10.471710 2.443543
10.558791 2.492705
10.645872 2.541867
10.732953 2.591029
10.820034 2.640191
10.907115 2.689353
10.994196 2.738515
11.081277 2.787677
11.168358 2.836838
11.255439 2.886000
11.342520 2.935162
11.429601 2.984324
11.516682 3.033486
11.603763 3.082648
11.690844 3.131810
11.777925 3.180971
11.865005 3.230133
11.952086 3.279295
12.039167 3.328457
12.126248 3.377619
12.213329 3.426780
12.300410 3.475942
12.387491 3.525104
12.474572 3.574265
12.561653 3.623427
12.648734 3.672589
12.735815 3.721750
12.822896 3.770912
12.909977 3.820074
12.997058 3.869236
13.084139 3.918397
13.171220 3.967559
13.258301 4.016721
13.345382 4.065883
13.432463 4.115045
13.519544 4.164207
13.606625 4.213368
13.693706 4.262530
13.780787 4.311692
13.867867 4.360854
13.954948 4.410016
14.042029 4.459178
14.129110 4.508339
14.216191 4.557501
14.303272 4.606662
14.390353 4.655824
14.477434 4.704986
14.564515 4.754147
14.651596 4.803308
14.738677 4.852470
14.825758 4.901632
14.912839 4.950793
14.999920 4.999955
0.000000 0.000000
-0.031623 0.094868
-0.063246 0.189737
-0.094868 0.284605
-0.126491 0.379473
-0.158114 0.474342
-0.189737 0.569210
-0.221359 0.664078
-0.252982 0.758947
-0.284605 0.853815
-0.316228 0.948683
-0.347851 1.043551
-0.379473 1.138420
-0.411096 1.233288
-0.442719 1.328156
-0.474342 1.423025
-0.505964 1.517893
-0.537587 1.612761
-0.569210 1.707630
-0.600833 1.802498
-0.632455 1.897366
-0.664078 1.992234
-0.695701 2.087103
-0.727324 2.181971
-0.776121 2.269257
-0.829963 2.353525
-0.888838 2.434357
-0.952240 2.511688
-1.019257 2.585909
-1.088785 2.657783
-1.159750 2.728238
-1.231228 2.798173
-1.302480 2.868338
-1.372933 2.939306
-1.442150 3.011480
-1.509797 3.085126
-1.575623 3.160405
-1.639440 3.237395
-1.701110 3.316115
-1.760532 3.396545
-1.817643 3.478632
-1.872404 3.562305
-1.924803 3.647478
-1.974847 3.734055
-2.022562 3.821937
-2.067991 3.911023
-2.111191 4.001210
-2.152232 4.092400
-2.191197 4.184496
-2.228178 4.277407
-2.253206 4.374225
-2.278233 4.471042
-2.303261 4.567860
-2.328288 4.664677
-2.353316 4.761495
-2.378343 4.858312
-2.403371 4.955130
-2.428398 5.051947
-2.453426 5.148765
-2.478453 5.245582
-2.503481 5.342400
-2.528508 5.439217
-2.553536 5.536035
-2.578563 5.632852
-2.603591 5.729670
-2.628618 5.826487
-2.653646 5.923305
-2.678674 6.020122
-2.703701 6.116940
-2.728729 6.213757
-2.753756 6.310575
-2.778784 6.407392
-2.803811 6.504210
-2.828839 6.601027
-2.853866 6.697845
-2.878894 6.794662
-2.903921 6.891479
-2.928949 6.988297
-2.953976 7.085114
-2.979004 7.181932
-3.004031 7.278749
-3.029059 7.375567
-3.054086 7.472384
-3.079114 7.569202
-3.104141 7.666019
-3.129169 7.762837
-3.154197 7.859654
-3.179224 7.956472
-3.204252 8.053289
-3.229280 8.150106
-3.254307 8.246923
-3.279335 8.343740
-3.304362 8.440557
-3.329390 8.537374
-3.354417 8.634192
-3.379445 8.731009
-3.404472 8.827826
-3.429500 8.924643
-3.454527 9.021460
-3.479555 9.118277
-3.504582 9.215094
-3.529610 9.311911
-3.554637 9.408728
-3.579665 9.505545
-3.604692 9.602362
-3.629720 9.699179
-3.654747 9.795996
-3.679775 9.892813
-3.704803 9.989630
-3.729830 10.086447
-3.754858 10.183264
-3.779885 10.280081
-3.804913 10.376898
-3.829940 10.473715
-3.854968 10.570532
-3.879995 10.667349
-3.905023 10.764166
-3.930050 10.860983
-3.955078 10.957800
-3.980105 11.054617
-4.005133 11.151434
-4.030160 11.248251
-4.055188 11.345068
-4.080216 11.441885
-4.105244 11.538702
-4.130271 11.635519
-4.155299 11.732336
-4.180327 11.829153
-4.205355 11.925970
-4.230382 12.022787
-4.255410 12.119604
-4.280438 12.216421
-4.305466 12.313238
-4.330493 12.410055
-4.355521 12.506872
-4.380549 12.603689
-4.405576 12.700506
-4.430604 12.797323
-4.455631 12.894140
-4.480659 12.990957
-4.505686 13.087774
-4.530713 13.184591
-4.555740 13.281408
-4.580768 13.378225
-4.605795 13.475042
-4.630823 13.571859
-4.655850 13.668676
-4.680878 13.765493
-4.705905 13.862310
-4.730932 13.959127
-4.755960 14.055944
-4.780987 14.152761
-4.806015 14.249578
-4.831042 14.346395
-4.856070 14.443213
-4.881097 14.540030
-4.906124 14.636847
-4.931151 14.733664
-4.956179 14.830481
-4.981206 14.927299
-5.006234 15.024116
-4.981206 14.927299
-5.006234 15.024116
-4.981206 14.927299
-5.006234 15.024116
-4.981206 14.927299
-5.006234 15.024116
-4.981206 14.927299
-5.006234 15.024116
-4.981206 14.927299
-5.006234 15.024116
-4.981206 14.927299
-5.006234 15.024116
-4.981206 14.927299
-5.006234 15.024116
-4.981206 14.927299
-5.006234 15.024116
-4.981206 14.927299
-5.006234 15.024116
-4.981206 14.927299
-5.006234 15.024116
-4.981206 14.927299
-5.006234 15.024116
-4.981206 14.927299
-5.006234 15.024116
-4.981206 14.927299
-5.006234 15.024116
-4.981206 14.927299
-5.006234 15.024116
-4.981206 14.927299
-5.006234 15.024116
-4.981206 14.927299
-5.006234 15.024116
-4.981206 14.927299
-5.006234 15.024116
-4.981206 14.927299
-5.006234 15.024116
-4.981206 14.927299
-5.006234 15.024116
-4.981206 14.927299
0.000000 0.000000
0.031623 -0.094868
0.063246 -0.189737
0.094868 -0.284605
0.126491 -0.379473
0.158114 -0.474342
0.189737 -0.569210
0.221359 -0.664078
0.252982 -0.758947
0.284605 -0.853815
0.316228 -0.948683
0.347850 -1.043552
0.379473 -1.138420
0.411096 -1.233288
0.442719 -1.328156
0.474342 -1.423025
0.505964 -1.517893
0.537587 -1.612761
0.569210 -1.707630
0.600833 -1.802498
0.632455 -1.897366
0.664078 -1.992235
0.695701 -2.087103
0.727324 -2.181971
0.758946 -2.276840
0.790569 -2.371708
0.822192 -2.466577
0.853815 -2.561445
0.885438 -2.656313
0.917060 -2.751182
0.948683 -2.846050
0.980306 -2.940919
1.011929 -3.035787
1.043551 -3.130656
1.075174 -3.225524
1.106797 -3.320392
1.138420 -3.415261
1.170043 -3.510129
1.201665 -3.604998
1.233288 -3.699866
1.264911 -3.794734
1.296534 -3.889603
1.328156 -3.984471
1.359779 -4.079340
1.391402 -4.174208
1.423025 -4.269076
1.454647 -4.363944
1.486270 -4.458812
1.517893 -4.553680
1.549516 -4.648549
1.581138 -4.743417
1.612761 -4.838285
1.644384 -4.933153
1.676007 -5.028021
1.707630 -5.122890
1.739252 -5.217758
1.770875 -5.312626
1.802498 -5.407494
1.834121 -5.502362
1.865743 -5.597230
1.897366 -5.692099
1.928989 -5.786967
1.960612 -5.881835
1.992234 -5.976703
2.023857 -6.071571
2.055480 -6.166440
2.087103 -6.261308
2.118726 -6.356176
2.150349 -6.451044
2.181972 -6.545912
2.213595 -6.640780
2.245218 -6.735649
2.276840 -6.830517
2.308463 -6.925385
2.340086 -7.020253
2.371708 -7.115121
2.403331 -7.209990
2.434954 -7.304858
2.466577 -7.399726
2.498199 -7.494594
2.529822 -7.589462
2.561445 -7.684330
2.593067 -7.779199
2.624690 -7.874067
2.656313 -7.968935
2.687936 -8.063804
2.719558 -8.158672
2.751181 -8.253541
2.782804 -8.348410
2.814427 -8.443278
2.846050 -8.538147
2.877673 -8.633016
2.909296 -8.727884
2.940918 -8.822753
2.972541 -8.917622
3.004164 -9.012490
3.035787 -9.107359
3.067410 -9.202228
3.099033 -9.297096
3.130656 -9.391965
3.162279 -9.486834
3.193902 -9.581702
3.225524 -9.676571
3.257147 -9.771440
3.288770 -9.866308
3.320393 -9.961177
3.352016 -10.056046
3.383639 -10.150914
3.415262 -10.245783
3.446885 -10.340652
3.478508 -10.435520
3.510130 -10.530389
3.541753 -10.625257
3.573376 -10.720126
3.604999 -10.814995
3.636622 -10.909863
3.668245 -11.004732
3.699867 -11.099601
3.731490 -11.194469
3.763113 -11.289338
3.794736 -11.384207
3.826359 -11.479075
3.857982 -11.573944
3.889605 -11.668813
3.921227 -11.763681
3.952850 -11.858550
3.984473 -11.953419
4.016096 -12.048287
4.047719 -12.143156
4.079342 -12.238025
4.110965 -12.332893
4.142588 -12.427762
4.174211 -12.522631
4.205833 -12.617499
4.237456 -12.712368
4.269079 -12.807237
4.300702 -12.902105
4.332325 -12.996974
4.363948 -13.091843
4.395571 -13.186711
4.427194 -13.281580
4.458817 -13.376449
4.490439 -13.471317
4.522062 -13.566186
4.553685 -13.661055
4.585308 -13.755923
4.616931 -13.850792
4.648554 -13.945661
4.680177 -14.040529
4.711800 -14.135398
4.743423 -14.230267
4.775045 -14.325135
4.806668 -14.420004
4.838291 -14.514873
4.869914 -14.609741
4.901537 -14.704610
4.933160 -14.799479
4.964782 -14.894347
4.996405 -14.989216
5.028029 -15.084084
4.996405 -14.989216
5.028029 -15.084084
4.996405 -14.989216
5.028029 -15.084084
4.996405 -14.989216
5.028029 -15.084084
4.996405 -14.989216
5.028029 -15.084084
4.996405 -14.989216
5.028029 -15.084084
4.996405 -14.989216
5.028029 -15.084084
4.996405 -14.989216
5.028029 -15.084084
4.996405 -14.989216
5.028029 -15.084084
4.996405 -14.989216
5.028029 -15.084084
4.996405 -14.989216
5.028029 -15.084084
4.996405 -14.989216
5.028029 -15.084084
4.996405 -14.989216
5.028029 -15.084084
4.996405 -14.989216
5.028029 -15.084084
4.996405 -14.989216
5.028029 -15.084084
4.996405 -14.989216
5.028029 -15.084084
4.996405 -14.989216
5.028029 -15.084084
4.996405 -14.989216
5.028029 -15.084084
4.996405 -14.989216
5.028029 -15.084084
4.996405 -14.989216
5.028029 -15.084084
4.996405 -14.989216
5.028029 -15.084084
0.000000 0.000000
-0.007267 -0.099736
-0.003476 -0.199664
0.008251 -0.298974
0.025624 -0.397453
-0.011036 -0.490491
-0.044974 -0.584556
-0.075556 -0.679765
-0.102078 -0.776183
-0.123805 -0.873795
-0.140041 -0.972468
-0.150221 -1.071948
-0.153995 -1.171877
-0.151296 -1.271841
-0.142343 -1.371439
-0.127599 -1.470346
-0.107685 -1.568343
-0.083295 -1.665323
-0.047675 -1.758764
-0.012054 -1.852205
0.023566 -1.945646
0.059187 -2.039087
0.094807 -2.132527
0.130427 -2.225968
0.166048 -2.319409
0.201668 -2.412850
0.237289 -2.506290
0.272909 -2.599731
0.308530 -2.693172
0.344150 -2.786613
0.379771 -2.880054
0.415391 -2.973494
0.451012 -3.066935
0.486632 -3.160376
0.522252 -3.253817
0.557873 -3.347257
0.593493 -3.440698
0.629114 -3.534139
0.664734 -3.627580
0.700355 -3.721020
0.735975 -3.814461
0.771596 -3.907902
0.807216 -4.001343
0.842836 -4.094784
0.878457 -4.188225
0.914077 -4.281666
0.949698 -4.375107
0.985318 -4.468548
1.020939 -4.561989
1.056559 -4.655430
1.092180 -4.748871
1.127800 -4.842312
1.163421 -4.935753
1.199041 -5.029194
1.234661 -5.122635
1.270282 -5.216076
1.305902 -5.309517
1.341523 -5.402958
1.377143 -5.496399
1.412764 -5.589840
1.448384 -5.683281
1.484005 -5.776722
1.519625 -5.870163
1.555246 -5.963604
1.590866 -6.057045
1.626486 -6.150486
1.662107 -6.243927
1.697727 -6.337368
1.733348 -6.430809
1.768968 -6.524250
1.804589 -6.617691
1.840209 -6.711132
1.875830 -6.804573
1.911450 -6.898014
1.947070 -6.991455
1.982691 -7.084896
2.018312 -7.178337
2.053932 -7.271778
2.089552 -7.365219
2.125173 -7.458660
2.160793 -7.552101
2.196414 -7.645542
2.232034 -7.738983
2.267655 -7.832424
2.303275 -7.925865
2.338896 -8.019306
2.374516 -8.112747
2.410136 -8.206188
2.445757 -8.299629
2.481377 -8.393070
2.516998 -8.486511
2.552618 -8.579952
2.588239 -8.673393
2.623859 -8.766834
2.659480 -8.860275
2.695100 -8.953716
2.730721 -9.047157
2.766341 -9.140598
2.801961 -9.234039
2.837582 -9.327480
2.873202 -9.420921
2.908823 -9.514362
2.944443 -9.607803
2.980064 -9.701244
3.015684 -9.794685
3.051305 -9.888126
3.086925 -9.981567
3.122545 -10.075008
3.158166 -10.168449
3.193786 -10.261890
3.229407 -10.355331
3.265027 -10.448772
3.300648 -10.542213
3.336268 -10.635654
3.371889 -10.729095
3.407509 -10.822536
3.443130 -10.915977
3.478750 -11.009418
3.514370 -11.102859
3.549991 -11.196301
3.585612 -11.289742
3.621232 -11.383183
3.656853 -11.476624
3.692474 -11.570065
3.728094 -11.663506
3.763715 -11.756947
3.799335 -11.850388
3.834956 -11.943829
3.870577 -12.037270
3.906198 -12.130711
3.941818 -12.224152
3.977439 -12.317593
4.013060 -12.411034
4.048680 -12.504475
4.084301 -12.597916
4.119922 -12.691357
4.155542 -12.784798
4.191163 -12.878239
4.226784 -12.971680
4.262404 -13.065121
4.298025 -13.158562
4.333646 -13.252003
4.369267 -13.345444
4.404887 -13.438885
4.440508 -13.532326
4.476129 -13.625767
4.511749 -13.719208
4.547370 -13.812649
4.582991 -13.906090
4.618611 -13.999531
4.654232 -14.092972
4.689853 -14.186413
4.725473 -14.279854
4.761094 -14.373295
4.796715 -14.466736
4.832335 -14.560177
4.867956 -14.653618
4.903576 -14.747059
4.939197 -14.840500
4.974818 -14.933941
5.010438 -15.027382
4.974818 -14.933941
5.010438 -15.027382
4.974818 -14.933941
5.010438 -15.027382
4.974818 -14.933941
5.010438 -15.027382
4.974818 -14.933941
5.010438 -15.027382
4.974818 -14.933941
5.010438 -15.027382
4.974818 -14.933941
5.010438 -15.027382
4.974818 -14.933941
5.010438 -15.027382
4.974818 -14.933941
5.010438 -15.027382
4.974818 -14.933941
5.010438 -15.027382
4.974818 -14.933941
5.010438 -15.027382
4.974818 -14.933941
5.010438 -15.027382
4.974818 -14.933941
5.010438 -15.027382
4.974818 -14.933941
5.010438 -15.027382
4.974818 -14.933941
5.010438 -15.027382
4.974818 -14.933941
5.010438 -15.027382
4.974818 -14.933941
5.010438 -15.027382
4.974818 -14.933941
5.010438 -15.027382
4.974818 -14.933941
5.010438 -15.027382
4.974818 -14.933941
5.010438 -15.027382
4.974818 -14.933941
0.000000 0.000000
0.031623 -0.094868
0.063246 -0.189737
0.094868 -0.284605
0.126491 -0.379473
0.158114 -0.474342
0.189737 -0.569210
0.221359 -0.664078
0.252982 -0.758947
0.284605 -0.853815
0.316228 -0.948683
0.347850 -1.043552
0.379473 -1.138420
0.411096 -1.233288
0.442719 -1.328156
0.474342 -1.423025
0.505964 -1.517893
0.537587 -1.612761
0.569210 -1.707630
0.600833 -1.802498
0.632455 -1.897366
0.664078 -1.992235
0.695701 -2.087103
0.727324 -2.181971
0.758946 -2.276840
0.790569 -2.371708
0.822192 -2.466577
0.853815 -2.561445
0.885438 -2.656313
0.917060 -2.751182
0.948683 -2.846050
0.980306 -2.940919
1.011929 -3.035787
1.043551 -3.130656
1.075174 -3.225524
1.106797 -3.320392
1.138420 -3.415261
1.170043 -3.510129
1.201665 -3.604998
1.233288 -3.699866
1.264911 -3.794734
1.296534 -3.889603
1.328156 -3.984471
1.359779 -4.079340
1.391402 -4.174208
1.423025 -4.269076
1.454647 -4.363944
1.486270 -4.458812
1.517893 -4.553680
1.549516 -4.648549
1.581138 -4.743417
1.612761 -4.838285
1.644384 -4.933153
1.676007 -5.028021
1.707630 -5.122890
1.739252 -5.217758
1.770875 -5.312626
1.802498 -5.407494
1.834121 -5.502362
1.865743 -5.597230
1.897366 -5.692099
1.928989 -5.786967
1.960612 -5.881835
1.992234 -5.976703
2.023857 -6.071571
2.055480 -6.166440
2.087103 -6.261308
2.118726 -6.356176
2.150349 -6.451044
2.181972 -6.545912
2.213595 -6.640780
2.245218 -6.735649
2.276840 -6.830517
2.308463 -6.925385
2.340086 -7.020253
2.371708 -7.115121
2.403331 -7.209990
2.434954 -7.304858
2.466577 -7.399726
2.498199 -7.494594
2.529822 -7.589462
2.561445 -7.684330
2.593067 -7.779199
2.624690 -7.874067
2.656313 -7.968935
2.687936 -8.063804
2.719558 -8.158672
2.751181 -8.253541
2.782804 -8.348410
2.814427 -8.443278
2.846050 -8.538147
2.877673 -8.633016
2.909296 -8.727884
2.940918 -8.822753
2.972541 -8.917622
3.004164 -9.012490
3.035787 -9.107359
3.067410 -9.202228
3.099033 -9.297096
3.130656 -9.391965
3.162279 -9.486834
3.193902 -9.581702
3.225524 -9.676571
3.257147 -9.771440
3.288770 -9.866308
3.320393 -9.961177
3.352016 -10.056046
3.383639 -10.150914
3.415262 -10.245783
3.446885 -10.340652
3.478508 -10.435520
3.510130 -10.530389
3.541753 -10.625257
3.573376 -10.720126
3.604999 -10.814995
3.636622 -10.909863
3.668245 -11.004732
3.699867 -11.099601
3.731490 -11.194469
3.763113 -11.289338
3.794736 -11.384207
3.826359 -11.479075
3.857982 -11.573944
3.889605 -11.668813
3.921227 -11.763681
3.952850 -11.858550
3.984473 -11.953419
4.016096 -12.048287
4.047719 -12.143156
4.079342 -12.238025
4.110965 -12.332893
4.142588 -12.427762
4.174211 -12.522631
4.205833 -12.617499
4.237456 -12.712368
4.269079 -12.807237
4.300702 -12.902105
4.332325 -12.996974
4.363948 -13.091843
4.395571 -13.186711
4.427194 -13.281580
4.458817 -13.376449
4.490439 -13.471317
4.522062 -13.566186
4.553685 -13.661055
4.585308 -13.755923
4.616931 -13.850792
4.648554 -13.945661
4.680177 -14.040529
4.711800 -14.135398
4.743423 -14.230267
4.775045 -14.325135
4.806668 -14.420004
4.838291 -14.514873
4.869914 -14.609741
4.901537 -14.704610
4.933160 -14.799479
4.964782 -14.894347
4.996405 -14.989216
5.028029 -15.084084
4.996405 -14.989216
5.028029 -15.084084
4.996405 -14.989216
5.028029 -15.084084
4.996405 -14.989216
5.028029 -15.084084
4.996405 -14.989216
5.028029 -15.084084
4.996405 -14.989216
5.028029 -15.084084
4.996405 -14.989216
5.028029 -15.084084
4.996405 -14.989216
5.028029 -15.084084
4.996405 -14.989216
5.028029 -15.084084
4.996405 -14.989216
5.028029 -15.084084
4.996405 -14.989216
5.028029 -15.084084
4.996405 -14.989216
5.028029 -15.084084
4.996405 -14.989216
5.028029 -15.084084
4.996405 -14.989216
5.028029 -15.084084
4.996405 -14.989216
5.028029 -15.084084
4.996405 -14.989216
5.028029 -15.084084
4.996405 -14.989216
5.028029 -15.084084
4.996405 -14.989216
5.028029 -15.084084
4.996405 -14.989216
5.028029 -15.084084
4.996405 -14.989216
5.028029 -15.084084
4.996405 -14.989216
5.028029 -15.084084
