1.089278 6.221430 0.377324 0.000000 0.000000 1580436841650983010
1.088136 6.211153 0.395781 0.000367 -0.000153 1580436842475735439
1.089136 6.216590 0.392123 0.000219 -0.000041 1580436842488963730
1.082864 6.217385 0.393961 -0.001648 0.000298 1580436842496376076
1.082213 6.218373 0.392529 -0.001516 0.000291 1580436842503742766
1.083795 6.219126 0.389736 -0.000855 0.000198 1580436842510328829
1.086418 6.219280 0.387842 0.000004 0.000059 1580436842516965229
1.088269 6.219198 0.386470 0.000584 -0.000033 1580436842525380594
1.089647 6.219051 0.385433 0.000976 -0.000095 1580436842531763173
1.090713 6.218898 0.385705 0.001264 -0.000161 1580436842539288736
1.090616 6.218949 0.384956 0.001101 -0.000122 1580436842546016646
1.089832 6.215957 0.384155 0.000899 -0.000093 1580436842553073808
1.090668 6.216074 0.383649 0.001356 -0.000155 1580436842588653768
1.090026 6.213747 0.382306 0.000791 0.000008 1580436842660438857
1.090005 6.214145 0.381290 0.000434 0.000227 1580436842740897868
1.091049 6.214301 0.380394 0.002361 0.000060 1580436842816982654
1.092170 6.214421 0.379603 0.003998 -0.000059 1580436842895548754
1.092651 6.212556 0.378779 0.004587 -0.000136 1580436842970759223
1.091610 6.211196 0.378047 0.001771 0.000383 1580436843050801700
1.090557 6.209941 0.377943 -0.000300 0.000495 1580436843130835349
1.089571 6.208797 0.377848 -0.001678 0.000538 1580436843206357617
1.091037 6.209074 0.377857 0.001310 0.000025 1580436843287601186
1.091713 6.207644 0.378266 0.002538 -0.000664 1580436843361841287
1.092294 6.206306 0.378643 0.003221 -0.001152 1580436843440820461
1.092774 6.205055 0.378991 0.003502 -0.001483 1580436843521033348
1.091392 6.204586 0.378415 0.000485 -0.000504 1580436843595568799
1.091939 6.203637 0.378314 0.001536 -0.000676 1580436843678931112
1.090593 6.203088 0.378225 -0.000937 -0.000229 1580436843752771018
1.091203 6.202247 0.378138 0.000544 -0.000477 1580436843830945836
1.091739 6.201462 0.378057 0.001508 -0.000635 1580436843913350943
1.092173 6.200741 0.377981 0.002055 -0.000721 1580436843986032614
1.092529 6.200072 0.377909 0.002316 -0.000757 1580436844060823983
1.091034 6.199768 0.377846 -0.000693 -0.000216 1580436844141260203
1.091501 6.199148 0.377782 0.000438 -0.000404 1580436844223105920
1.091937 6.198867 0.377351 0.001174 -0.000178 1580436844296232221
1.094039 6.197997 0.377305 0.004605 -0.000859 1580436844371273776
1.094086 6.197515 0.377265 0.003619 -0.000745 1580436844451401164
1.092276 6.197390 0.377230 -0.000320 -0.000095 1580436844531472793
1.092418 6.196592 0.377545 0.000166 -0.000568 1580436844608559220
1.090785 6.196487 0.377500 -0.002574 -0.000023 1580436844685624156
1.091106 6.195700 0.377797 -0.001234 -0.000559 1580436844761344751
1.091389 6.194940 0.378080 -0.000285 -0.000950 1580436844841545636
1.091636 6.194209 0.378352 0.000350 -0.001225 1580436844922012532
1.091894 6.193904 0.378279 0.000769 -0.001056 1580436844998472066
1.090289 6.193935 0.378211 -0.002136 -0.000349 1580436845081459710
1.090714 6.193632 0.378144 -0.000836 -0.000430 1580436845152454559
1.090966 6.192529 0.378726 0.000003 -0.001171 1580436845231173644
1.091292 6.192305 0.378643 0.000603 -0.001009 1580436845306496717
1.089844 6.192832 0.378248 -0.002068 0.000033 1580436845386641013
1.090316 6.192578 0.378182 -0.000698 -0.000130 1580436845461632242
1.088945 6.192648 0.378121 -0.002823 0.000305 1580436845541389120
1.087774 6.192688 0.378062 -0.004080 0.000572 1580436845616011441
1.089062 6.193286 0.378044 -0.001001 0.000281 1580436845697319039
1.090240 6.193872 0.378028 0.001090 0.000105 1580436845776521954
1.091274 6.194455 0.378012 0.002401 0.000018 1580436845851664800
1.090390 6.195351 0.377999 0.000114 0.000529 1580436845927003152
1.091475 6.196356 0.377683 0.001688 0.000688 1580436846006852145
1.092374 6.196867 0.377679 0.002634 0.000488 1580436846087208205
1.093135 6.197374 0.377675 0.003131 0.000370 1580436846161606882
1.091499 6.197358 0.377637 -0.000399 0.000748 1580436846241363395
1.091853 6.196999 0.377597 0.000410 0.000405 1580436846328784384
1.090358 6.196960 0.377561 -0.002155 0.000708 1580436846396602677
1.089060 6.196893 0.377526 -0.003751 0.000870 1580436846473222242
1.090374 6.198315 0.376938 -0.000894 0.001200 1580436846551218827
1.091581 6.199692 0.376368 0.001086 0.001479 1580436846631333842
1.092730 6.201515 0.375528 0.002383 0.002065 1580436846706560887
1.093843 6.203786 0.374420 0.003200 0.002877 1580436846787381550
1.094656 6.204938 0.373936 0.003556 0.002802 1580436846861394467
1.093434 6.205383 0.374049 0.000494 0.002593 1580436846941460237
1.092394 6.206316 0.373867 -0.001586 0.002705 1580436847029032371
1.086296 6.207894 0.373213 -0.012124 0.004389 1580436847177069119
1.081715 6.208945 0.372598 -0.016761 0.005093 1580436847253330928
1.075810 6.208447 0.373136 -0.022022 0.004733 1580436847331474300
1.046896 6.210304 0.374387 -0.064380 0.010322 1580436847412122564
1.019714 6.212007 0.374810 -0.092941 0.014460 1580436847486786472
0.988702 6.210495 0.376952 -0.119057 0.016236 1580436847567293334
0.964086 6.210927 0.377229 -0.129605 0.017815 1580436847642494306
0.947433 6.211606 0.377176 -0.123712 0.017216 1580436847721768507
0.934530 6.212159 0.377139 -0.113912 0.015955 1580436847798337964
0.909134 6.212797 0.376769 -0.158023 0.015174 1580436847877414724
0.876763 6.213893 0.376053 -0.203342 0.016355 1580436847952388130
0.847303 6.214308 0.375360 -0.230359 0.015670 1580436848034663413
0.816609 6.214715 0.374691 -0.252154 0.015049 1580436848117824767
0.782898 6.214016 0.374338 -0.278573 0.015389 1580436848187199075
0.756053 6.214031 0.374061 -0.282406 0.013507 1580436848267445296
0.735556 6.214875 0.373514 -0.277584 0.011492 1580436848342004383
0.726227 6.216060 0.373390 -0.250335 0.006935 1580436848426725671
0.716713 6.216521 0.373238 -0.236630 0.004196 1580436848497510903
0.702130 6.216289 0.373385 -0.231040 0.002243 1580436848577217097
0.693633 6.214367 0.374481 -0.215415 -0.001531 1580436848659412233
0.686676 6.211771 0.375825 -0.204191 -0.004662 1580436848733411440
0.687673 6.207127 0.378049 -0.180342 -0.009699 1580436848812510125
0.695469 6.202614 0.379813 -0.122245 -0.012065 1580436848886994769
0.711927 6.194660 0.382707 -0.061738 -0.016885 1580436848967434779
0.723658 6.186563 0.385765 -0.025583 -0.019767 1580436849042873146
0.730426 6.178073 0.389319 -0.006485 -0.021519 1580436849122815131
0.743514 6.168247 0.393001 0.018436 -0.024348 1580436849198068915
0.760343 6.158405 0.396241 0.043389 -0.026746 1580436849277737008
0.776012 6.143502 0.401711 0.060589 -0.031282 1580436849357931730
0.785049 6.130327 0.406975 0.062523 -0.033247 1580436849432470356
0.792625 6.119098 0.411486 0.060538 -0.033357 1580436849512590194
0.801485 6.105140 0.416956 0.062268 -0.035303 1580436849587851975
0.808948 6.093983 0.421387 0.060182 -0.034958 1580436849668011989
0.812717 6.084919 0.425365 0.052806 -0.033359 1580436849742557585
0.819715 6.076898 0.428941 0.051933 -0.031963 1580436849823046283
0.824935 6.068918 0.432670 0.048700 -0.030789 1580436849899580334
0.832930 6.063165 0.435423 0.050332 -0.028975 1580436849979607235
0.837603 6.059213 0.437811 0.045684 -0.026163 1580436850058597723
0.851987 6.054264 0.440967 0.089675 -0.024653 1580436850133813922
0.862939 6.046275 0.445428 0.116922 -0.024295 1580436850212974810
0.880109 6.038276 0.449452 0.147657 -0.024641 1580436850294346870
0.894119 6.028867 0.454178 0.165937 -0.025212 1580436850371965766
0.902249 6.023092 0.458203 0.169267 -0.022887 1580436850447715268
0.909034 6.014528 0.463217 0.168589 -0.022084 1580436850528611313
0.911100 6.010103 0.467275 0.159057 -0.018381 1580436850610560059
0.879274 5.858387 0.466184 0.098641 -0.054920 1580436850678079492
0.878881 5.855179 0.470800 0.102607 -0.044291 1580436850759701113
0.882278 5.851786 0.475265 0.112286 -0.036445 1580436850842118343
0.879758 5.844580 0.480007 0.081740 -0.033484 1580436850913120510
0.879150 5.838447 0.484317 0.060204 -0.030788 1580436850992654131
0.874334 5.834410 0.488219 0.036381 -0.026896 1580436851072559700
0.865940 5.831325 0.491985 0.012552 -0.022898 1580436851150355241
0.863609 5.827032 0.495862 0.005877 -0.021908 1580436851223129338
0.854352 5.823863 0.499620 -0.011610 -0.019093 1580436851303090418
0.844608 5.822176 0.502983 -0.025722 -0.016149 1580436851380803658
0.839739 5.819360 0.506499 -0.027495 -0.015538 1580436851457977734
0.837792 5.818733 0.509372 -0.024156 -0.014504 1580436851534792949
0.843585 5.818625 0.511900 -0.008110 -0.014905 1580436851613407651
0.850479 5.817470 0.514612 0.005966 -0.015841 1580436851692965830
0.856184 5.814664 0.517751 0.014617 -0.017193 1580436851768853927
0.861281 5.812022 0.520849 0.019564 -0.017763 1580436851857917681
0.861435 5.809872 0.524075 0.015350 -0.017460 1580436851923338525
0.857804 5.806394 0.527735 0.005268 -0.017107 1580436852002773021
0.854720 5.805285 0.530767 -0.001733 -0.015666 1580436852083288643
0.833825 5.806440 0.533695 -0.038565 -0.009985 1580436852160052304
0.802848 5.806014 0.537016 -0.083221 -0.004497 1580436852239023155
0.753350 5.805823 0.539581 -0.179070 0.001712 1580436852314461536
0.695219 5.804651 0.541666 -0.264656 0.007700 1580436852393815769
0.633286 5.810368 0.541217 -0.337699 0.017332 1580436852468661278
0.572817 5.807005 0.542517 -0.385003 0.018910 1580436852548931775
0.524793 5.804961 0.543876 -0.402572 0.018099 1580436852623263821
0.456324 5.795216 0.545965 -0.443735 0.016823 1580436852706502354
0.393716 5.793178 0.546894 -0.500226 0.016128 1580436852783626413
0.335957 5.790448 0.548391 -0.533474 0.013497 1580436852860877840
0.275091 5.789534 0.549301 -0.561962 0.012465 1580436852940288794
0.224762 5.792036 0.550069 -0.570824 0.011676 1580436853013877013
0.180864 5.797868 0.551022 -0.559657 0.010542 1580436853094215089
0.148196 5.801999 0.553124 -0.536594 0.007178 1580436853169415924
0.120590 5.808022 0.555290 -0.505346 0.004483 1580436853249876405
0.103706 5.816211 0.557215 -0.469172 0.002976 1580436853324052152
0.087422 5.822072 0.559597 -0.436063 0.000628 1580436853403680673
0.076135 5.829221 0.561702 -0.399125 -0.000588 1580436853487861993
0.066712 5.839347 0.562672 -0.373190 0.000851 1580436853566102453
0.068277 5.841670 0.564738 -0.307354 -0.001041 1580436853639766365
0.067503 5.842475 0.566958 -0.261798 -0.003061 1580436853714137401
0.066988 5.844271 0.568872 -0.223300 -0.003998 1580436853796162784
0.065688 5.843935 0.571212 -0.199824 -0.005798 1580436853869615573
0.062380 5.842669 0.573738 -0.183677 -0.007660 1580436853948790307
0.060247 5.841607 0.576198 -0.169416 -0.008980 1580436854028753002
0.059467 5.839727 0.578831 -0.157526 -0.010476 1580436854105039341
0.052142 5.841180 0.580681 -0.156626 -0.009539 1580436854196842616
0.044354 5.844196 0.582200 -0.164067 -0.008151 1580436854259395402
0.028401 5.848230 0.583433 -0.179276 -0.006297 1580436854339935252
0.018458 5.850422 0.585165 -0.179552 -0.005969 1580436854421773817
0.011659 5.852905 0.586848 -0.176781 -0.005622 1580436854494776785
0.000027 5.858515 0.587726 -0.181374 -0.003452 1580436854574107109
-0.003404 5.864842 0.588316 -0.141916 -0.001165 1580436854649378893
-0.007440 5.867888 0.589660 -0.110960 -0.001194 1580436854732102437
-0.015977 5.874005 0.590204 -0.097548 0.000620 1580436854809409054
-0.069168 5.882450 0.589250 -0.344723 0.050133 1580436854884385059
-0.081809 5.896375 0.589287 -0.275956 0.044112 1580436854965410396
-0.088430 5.906568 0.590109 -0.216998 0.037454 1580436855042421140
-0.095469 5.916999 0.589422 -0.174176 0.033833 1580436855119078990
-0.105411 5.927643 0.588508 -0.147848 0.031271 1580436855194670598
-0.120491 5.937746 0.587932 -0.165898 0.028606 1580436855274081296
-0.132820 5.950493 0.586651 -0.175420 0.028254 1580436855349421118
-0.147378 5.960683 0.585911 -0.185177 0.026459 1580436855429463904
-0.155871 5.972039 0.584982 -0.181804 0.025786 1580436855509165017
-0.160342 5.986860 0.583102 -0.173495 0.027599 1580436855584388746
-0.166263 6.001857 0.581016 -0.168326 0.029224 1580436855664799447
-0.167407 6.013633 0.579763 -0.155710 0.028670 1580436855747226027
-0.161171 6.022391 0.578761 -0.106407 0.027085 1580436855819617449
-0.162478 6.031424 0.577834 -0.111536 0.025878 1580436855894418416
-0.156747 6.041295 0.576388 -0.071942 0.025556 1580436855975579221
-0.150445 6.048626 0.575505 -0.042779 0.023916 1580436856050720656
-0.144588 6.055882 0.574638 -0.020437 0.022288 1580436856137235909
-0.142548 6.063305 0.573568 -0.011836 0.021362 1580436856205611204
-0.142580 6.070641 0.572538 -0.008616 0.020352 1580436856284604101
-0.142438 6.073184 0.572826 -0.006044 0.016577 1580436856364839096
-0.140376 6.072857 0.573878 -0.000972 0.012028 1580436856440004461
-0.138517 6.072648 0.574915 0.002531 0.008351 1580436856524868433
-0.138765 6.073261 0.575659 0.001526 0.006086 1580436856594900703
-0.139003 6.074866 0.576129 0.000778 0.004855 1580436856674778387
-0.139231 6.076470 0.576594 0.000224 0.003848 1580436856761383352
-0.137622 6.077092 0.577303 0.002972 0.002623 1580436856829887831
-0.136216 6.077771 0.577995 0.004663 0.001659 1580436856909613516
-0.133491 6.077657 0.578943 0.008147 0.000414 1580436856993397720
-0.130926 6.079371 0.579335 0.010606 0.000593 1580436857067803501
-0.131502 5.975639 0.573392 0.003546 -0.027956 1580436857139503048
-0.130905 5.980347 0.573536 0.003825 -0.020491 1580436857222630000
-0.128726 5.989086 0.572643 0.006939 -0.012425 1580436857295632092
-0.126876 6.000290 0.570992 0.008673 -0.004366 1580436857377586506
-0.125345 6.008240 0.570189 0.009366 0.000026 1580436857454929171
-0.122350 6.017765 0.568901 0.012499 0.004513 1580436857530900984
-0.121636 6.027807 0.567397 0.010794 0.008363 1580436857610130624
-0.122946 6.035510 0.566475 0.006035 0.010007 1580436857685469438
-0.118646 6.043094 0.565573 0.012119 0.011350 1580436857771247890
-0.116955 6.047412 0.565499 0.012282 0.010547 1580436857840538885
-0.115486 6.051691 0.565433 0.011772 0.009819 1580436857920151129
-0.116176 6.056658 0.565117 0.007780 0.009683 1580436857995193860
-0.116818 6.059738 0.565337 0.004623 0.008348 1580436858080078390
-0.117515 6.064442 0.565031 0.002370 0.008409 1580436858155631043
-0.114588 6.072621 0.563699 0.007051 0.010710 1580436858231547518
-0.115679 6.079585 0.562661 0.003412 0.011658 1580436858315865141
-0.118456 6.081587 0.562976 -0.002125 0.009537 1580436858385095911
-0.120929 6.084535 0.563024 -0.005772 0.008352 1580436858466950777
-0.119468 6.090940 0.562036 -0.001678 0.009705 1580436858540466279
-0.121846 6.100586 0.560029 -0.005122 0.012678 1580436858621107286
-0.125679 6.109593 0.558096 -0.010245 0.014734 1580436858695728133
-0.129376 6.117411 0.556483 -0.013795 0.015624 1580436858775519255
-0.136352 6.123992 0.555158 -0.021967 0.015435 1580436858862311088
-0.167893 6.131712 0.553052 -0.101133 0.016190 1580436858935081317
-0.197800 6.136762 0.551510 -0.157061 0.015453 1580436859012217233
-0.223179 6.141663 0.550036 -0.191716 0.014958 1580436859085408267
-0.249667 6.147212 0.548338 -0.217775 0.014926 1580436859165481849
-0.269477 6.155003 0.546222 -0.227320 0.016272 1580436859240632958
-0.286871 6.162274 0.544457 -0.228437 0.016921 1580436859320808189
-0.298457 6.170678 0.542528 -0.221126 0.018221 1580436859396075188
-0.308465 6.179821 0.540402 -0.211328 0.019766 1580436859475481957
-0.320776 6.197976 0.535146 -0.207321 0.026769 1580436859555788177
-0.329943 6.214877 0.530071 -0.200847 0.031889 1580436859630692536
-0.343536 6.227947 0.525896 -0.201959 0.033532 1580436859710969951
-0.352474 6.241271 0.521598 -0.195798 0.035351 1580436859788209873
-0.355730 6.255109 0.517365 -0.177538 0.037081 1580436859877579223
-0.355173 6.281602 0.507682 -0.164816 0.047982 1580436859940724696
-0.366186 6.308764 0.496807 -0.169631 0.056907 1580436860022507430
-0.376028 6.337927 0.486334 -0.170541 0.064115 1580436860106816796
-0.396649 6.361940 0.476217 -0.193630 0.067274 1580436860175981065
-0.430706 6.381776 0.466813 -0.230630 0.066432 1580436860257061024
-0.460603 6.399098 0.457678 -0.253317 0.065227 1580436860332094948
-0.492330 6.412505 0.449838 -0.271720 0.061572 1580436860411867759
-0.517170 6.425225 0.442507 -0.273986 0.058547 1580436860491144147
-0.538163 6.429696 0.439571 -0.271790 0.050120 1580436860565935296
-0.560167 6.433613 0.436988 -0.269374 0.042778 1580436860646087542
-0.573366 6.444200 0.429439 -0.224265 0.043164 1580436860721240913
-0.577850 6.448078 0.426585 -0.173983 0.037999 1580436860801161957
-0.591333 6.450813 0.424960 -0.182679 0.032460 1580436860881133924
-0.607431 6.453003 0.423089 -0.194888 0.027928 1580436860956045887
-0.635057 6.454136 0.420948 -0.221826 0.022955 1580436861036044539
-0.653965 6.455376 0.419469 -0.229019 0.019605 1580436861111105438
-0.676038 6.455640 0.418293 -0.237996 0.016094 1580436861190992530
-0.694506 6.457047 0.416887 -0.238487 0.014333 1580436861271070082
-0.714138 6.458196 0.415231 -0.242845 0.012811 1580436861345912991
-0.730283 6.461027 0.413357 -0.236692 0.012968 1580436861429387636
-0.742894 6.463594 0.411553 -0.231047 0.013126 1580436861500803093
-0.744930 6.464271 0.410326 -0.174981 0.012382 1580436861581260283
-0.746541 6.465203 0.408841 -0.131950 0.011827 1580436861662639572
-0.747462 6.464768 0.407965 -0.101349 0.010308 1580436861736466428
-0.747862 6.464523 0.407113 -0.075779 0.009141 1580436861817831362
-0.743761 6.465896 0.405715 -0.048220 0.009672 1580436861903625099
-0.735360 6.467306 0.404377 -0.023102 0.010544 1580436861971387828
-0.727997 6.468055 0.403353 -0.005041 0.010537 1580436862051742521
-0.721397 6.468549 0.402361 0.007011 0.010245 1580436862126661199
-0.716450 6.478807 0.396047 0.014509 0.016456 1580436862206654982
-0.712330 6.488000 0.389936 0.018682 0.020715 1580436862281657735
-0.710696 6.496782 0.383696 0.017441 0.023529 1580436862361793590
-0.707657 6.504298 0.377919 0.018772 0.025269 1580436862438720558
-0.705180 6.511089 0.372302 0.018688 0.026165 1580436862516784188
-0.704968 6.517291 0.366773 0.014420 0.026024 1580436862602732163
-0.702747 6.515259 0.366263 0.014248 0.020659 1580436862671692602
-0.700300 6.508858 0.365598 0.013468 0.014994 1580436862753114680
-0.698804 6.507409 0.364836 0.012305 0.012096 1580436862827348933
-0.697471 6.505087 0.364661 0.010952 0.009077 1580436862906512979
-0.694556 6.503393 0.364207 0.012576 0.007272 1580436862988047269
-0.693965 6.500990 0.364048 0.010035 0.005144 1580436863063425413
-0.693499 6.498620 0.363894 0.007878 0.003453 1580436863141707136
-0.693206 6.496736 0.363461 0.006105 0.002448 1580436863216814198
-0.692971 6.494876 0.363038 0.004622 0.001636 1580436863296560939
-0.694695 6.493323 0.362338 0.000269 0.000970 1580436863379694623
-0.696202 6.491780 0.361661 -0.002535 0.000503 1580436863452201241
-0.699365 6.490064 0.360998 -0.007380 -0.000163 1580436863533520769
-0.702069 6.488391 0.360352 -0.010237 -0.000599 1580436863611822622
-0.704305 6.486771 0.359725 -0.011644 -0.000862 1580436863687174836
-0.706156 6.484707 0.359397 -0.012018 -0.001317 1580436863767140247
-0.707553 6.482227 0.359360 -0.011706 -0.001919 1580436863842374923
-0.708686 6.479825 0.359322 -0.010932 -0.002324 1580436863921711882
-0.709512 6.476997 0.359568 -0.009864 -0.002897 1580436864002037917
-0.710016 6.473778 0.360084 -0.008700 -0.003600 1580436864076792614
-0.710422 6.471158 0.360304 -0.007491 -0.003769 1580436864156945973
-0.710596 6.468130 0.360796 -0.006332 -0.004172 1580436864232469683
-0.710717 6.465708 0.360992 -0.005245 -0.004117 1580436864311772639
-0.710724 6.463382 0.361180 -0.004279 -0.004040 1580436864387372314
-0.712508 6.460909 0.361359 -0.006468 -0.004275 1580436864467171318
-0.713965 6.458554 0.361531 -0.007599 -0.004377 1580436864542109907
-0.713356 6.456482 0.361699 -0.004919 -0.004035 1580436864622351055
-0.712765 6.455029 0.361581 -0.002939 -0.003446 1580436864697577211
-0.710310 6.453256 0.361747 0.001656 -0.002947 1580436864779548802
-0.705856 6.447636 0.361480 0.007756 -0.003186 1580436864857318180
-0.703736 6.441359 0.361493 0.008390 -0.004117 1580436864933324635
-0.701855 6.435197 0.361502 0.008445 -0.004852 1580436865012462177
-0.698474 6.429922 0.361228 0.011153 -0.004780 1580436865087177083
-0.695474 6.424701 0.360957 0.012466 -0.004771 1580436865167393171
-0.694823 6.419973 0.360410 0.009745 -0.004823 1580436865242510888
-0.692353 6.415448 0.359870 0.010521 -0.004498 1580436865328850136
-0.695907 6.411093 0.359062 0.001461 -0.004971 1580436865399379604
-0.697145 6.406967 0.358274 -0.001592 -0.004895 1580436865477470292
-0.701842 6.401948 0.357778 -0.009744 -0.005764 1580436865559330663
-0.707520 6.396354 0.357571 -0.017589 -0.006925 1580436865632726945
-0.714136 6.389559 0.357923 -0.025028 -0.008596 1580436865712650307
-0.721390 6.382238 0.358537 -0.031788 -0.010299 1580436865790182888
-0.729205 6.374969 0.359124 -0.037785 -0.011671 1580436865867482245
-0.739169 6.367526 0.359677 -0.046027 -0.013120 1580436865942714755
-0.747638 6.359217 0.360776 -0.049233 -0.014481 1580436866024785243
-0.754323 6.350810 0.362122 -0.048910 -0.015479 1580436866103681329
-0.759607 6.345265 0.362300 -0.046490 -0.014623 1580436866177615050
-0.772219 6.341629 0.362502 -0.087032 -0.012628 1580436866257398874
-0.801073 6.331597 0.364310 -0.145483 -0.016388 1580436866332594352
-0.828685 6.321764 0.366057 -0.186524 -0.018675 1580436866412551159
-0.854094 6.310177 0.368880 -0.213555 -0.021040 1580436866492944165
-0.876520 6.301400 0.370771 -0.229864 -0.021142 1580436866568275234
-0.900226 6.292489 0.372579 -0.244636 -0.021464 1580436866642561961
-0.919559 6.284773 0.374944 -0.245951 -0.020532 1580436866722628912
-0.942588 6.277567 0.376660 -0.252964 -0.019891 1580436866803068860
-0.962906 6.275804 0.376378 -0.254544 -0.016279 1580436866879330011
-0.985523 6.271650 0.376926 -0.258158 -0.014833 1580436866959900073
-1.003139 6.268828 0.377474 -0.254031 -0.012541 1580436867036319667
-1.024214 6.263078 0.378809 -0.257226 -0.012839 1580436867112883800
-1.051722 6.256786 0.379496 -0.271314 -0.014318 1580436867187633298
-1.074184 6.253146 0.379921 -0.270248 -0.012982 1580436867268325186
-1.095703 6.249767 0.380331 -0.268341 -0.011715 1580436867347908280
-1.117982 6.246674 0.380435 -0.269326 -0.010815 1580436867425007139
-1.134411 6.244165 0.381122 -0.259656 -0.008869 1580436867503073354
-1.148503 6.241486 0.382063 -0.249994 -0.007278 1580436867577984604
-1.161259 6.241037 0.382439 -0.236905 -0.004200 1580436867660175873
-1.171538 6.242590 0.381971 -0.226504 -0.000703 1580436867732943845
-1.174944 6.241140 0.381740 -0.172969 0.000384 1580436867815160957
-1.174994 6.238792 0.382074 -0.129464 0.000760 1580436867893090672
-1.173706 6.237984 0.381845 -0.094911 0.001854 1580436867969875282
-1.171562 6.236671 0.381901 -0.067438 0.002357 1580436868048320638
-1.168952 6.236686 0.381404 -0.046513 0.003364 1580436868122982399
-1.169896 6.235449 0.381190 -0.036183 0.002546 1580436868205492558
-1.171732 6.232715 0.381534 -0.030732 0.000687 1580436868283286807
-1.184879 6.232502 0.381629 -0.075727 0.000213 1580436868358043093
-1.198548 6.229038 0.381682 -0.079632 -0.003940 1580436868440169380
-1.213166 6.225751 0.381441 -0.084528 -0.007255 1580436868518889977
-1.224758 6.222914 0.381206 -0.083742 -0.008980 1580436868593298471
-1.247633 6.220148 0.381251 -0.132139 -0.010247 1580436868673566620
-1.265661 6.219357 0.381033 -0.160134 -0.008887 1580436868749570048
-1.283284 6.218232 0.381100 -0.179841 -0.007634 1580436868828465542
-1.297718 6.218005 0.381176 -0.189998 -0.005541 1580436868903412130
-1.302894 6.217617 0.380675 -0.149618 -0.003807 1580436868983648879
-1.304264 6.219350 0.379642 -0.111902 -0.000621 1580436869065751367
-1.303418 6.221060 0.378645 -0.082818 0.001797 1580436869138489560
-1.303014 6.225966 0.378379 -0.059394 0.004197 1580436869218627236
-1.301957 6.231332 0.377851 -0.041508 0.006291 1580436869293531143
-1.295628 6.238306 0.377076 -0.018318 0.010080 1580436869373789075
-1.291600 6.244524 0.376316 -0.005061 0.011882 1580436869456558088
-1.289863 6.249932 0.375588 0.000451 0.012256 1580436869528667647
-1.290336 6.255452 0.374606 0.000917 0.012010 1580436869608713281
-1.285454 6.261052 0.373941 0.010256 0.013239 1580436869683499714
-1.281249 6.266404 0.373295 0.015947 0.013755 1580436869764993828
-1.277806 6.270754 0.372950 0.018856 0.013450 1580436869839160877
-1.273266 6.275804 0.372344 0.022853 0.013830 1580436869918461697
-1.269490 6.280594 0.371756 0.024293 0.013697 1580436870001031635
-1.260858 6.285002 0.371166 0.033824 0.014995 1580436870073414413
-1.245802 6.290396 0.370589 0.051085 0.017823 1580436870160321188
-1.232152 6.294477 0.370310 0.062671 0.019243 1580436870228856411
-1.220262 6.298842 0.369767 0.067289 0.019727 1580436870309003394
-1.206879 6.303236 0.369240 0.073175 0.020451 1580436870388958160
-1.194344 6.306727 0.369010 0.076659 0.020396 1580436870463830579
-1.181712 6.309043 0.369343 0.078265 0.019382 1580436870544526145
-1.169863 6.312384 0.369119 0.078524 0.019049 1580436870624013818
-1.160546 6.315343 0.368909 0.074975 0.018062 1580436870700084537
-1.151142 6.318297 0.368711 0.072004 0.017210 1580436870779230870
-1.136306 6.319462 0.369618 0.078983 0.016826 1580436870854618989
-1.112790 6.322716 0.369945 0.098226 0.019568 1580436870935883476
-1.082255 6.324389 0.370261 0.155660 0.019911 1580436871010481171
-1.055143 6.325701 0.370578 0.192263 0.018556 1580436871088970280
-1.020887 6.326950 0.370566 0.231989 0.019281 1580436871165309481
-0.992899 6.326911 0.371132 0.250149 0.016992 1580436871244334195
-0.964718 6.326894 0.371683 0.265323 0.015318 1580436871320186135
-0.945939 6.325423 0.373093 0.259368 0.010381 1580436871399352044
-0.921024 6.322795 0.374999 0.264084 0.007135 1580436871480523347
-0.902094 6.319712 0.377134 0.260787 0.003393 1580436871554453791
-0.884859 6.314108 0.378264 0.251621 -0.000583 1580436871635714970
-0.868357 6.308649 0.379353 0.245753 -0.003434 1580436871712138460
-0.841254 6.182384 0.376117 0.200945 -0.036867 1580436871789720936
-0.835762 6.179508 0.377186 0.190790 -0.033183 1580436871864341568
-0.807100 6.179588 0.377348 0.220862 -0.024098 1580436871944166997
-0.783748 6.180206 0.377232 0.235879 -0.017758 1580436872019648585
-0.769086 6.180951 0.377099 0.199425 -0.012180 1580436872100374545
-0.760095 6.186954 0.376856 0.166637 -0.006825 1580436872174572838
-0.751953 6.192748 0.376627 0.134161 -0.002987 1580436872265278840
-0.741244 6.198900 0.376165 0.151630 -0.001003 1580436872336011257
-0.725969 6.203843 0.375980 0.171377 0.000714 1580436872409366644
-0.701188 6.203388 0.375925 0.182219 -0.000902 1580436872564759377
-0.704468 6.208117 0.375652 0.186605 -0.000480 1580436872569992663
-0.698224 6.211308 0.376147 0.183109 -0.001489 1580436872644606132
-0.689077 6.215672 0.375896 0.183194 -0.001271 1580436872724806652
-0.679963 6.220509 0.375310 0.182834 -0.000794 1580436872805310338
-0.673770 6.223927 0.375467 0.179716 -0.001389 1580436872876971829
-0.664435 6.227343 0.375623 0.180898 -0.001475 1580436872954687261
-0.654779 6.231287 0.375439 0.181707 -0.001211 1580436873034933786
-0.651250 6.233742 0.375946 0.173209 -0.002591 1580436873109756900
-0.644376 6.236771 0.376101 0.171096 -0.002885 1580436873190255693
-0.636053 6.239870 0.376254 0.173587 -0.002696 1580436873264903299
-0.623110 6.243129 0.376405 0.181971 -0.001918 1580436873344583921
-0.618384 6.244915 0.377201 0.175458 -0.003215 1580436873419480004
-0.610052 6.246325 0.377952 0.175211 -0.003884 1580436873499488402
-0.594669 6.249281 0.378043 0.187928 -0.002487 1580436873576805777
-0.575771 6.251167 0.378758 0.202447 -0.001681 1580436873656911333
-0.558464 6.253075 0.379452 0.211167 -0.001263 1580436873734984048
-0.541008 6.254456 0.380428 0.218894 -0.001183 1580436873809854915
-0.525816 6.258275 0.380162 0.219206 -0.000151 1580436873890193718
-0.523722 6.259731 0.381111 0.168828 -0.000682 1580436873964854964
-0.522672 6.261033 0.382031 0.126085 -0.001252 1580436874047559042
-0.520426 6.260025 0.384104 0.099203 -0.002596 1580436874120077004
-0.518905 6.260246 0.385515 0.076291 -0.002997 1580436874199988291
-0.518489 6.260487 0.386881 0.057279 -0.003331 1580436874280091265
-0.515397 6.261635 0.387903 0.048469 -0.002710 1580436874355102956
-0.513274 6.263113 0.388913 0.039412 -0.002229 1580436874438068280
-0.512267 6.265235 0.389592 0.031908 -0.001535 1580436874509538312
-0.511413 6.267311 0.390255 0.025165 -0.001013 1580436874592660669
-0.510794 6.269028 0.390882 0.020320 -0.000675 1580436874665295763
-0.513945 6.269826 0.391779 0.009884 -0.001283 1580436874745379129
-0.515126 6.271425 0.392359 0.005662 -0.001065 1580436874820376160
-0.516145 6.271766 0.393496 0.002567 -0.001580 1580436874900269771
-0.517133 6.272795 0.394310 0.000420 -0.001572 1580436874975602476
-0.518026 6.273844 0.395101 -0.001038 -0.001523 1580436875055289699
-0.520657 6.274757 0.395868 -0.005083 -0.001704 1580436875135516033
-0.522875 6.275082 0.396894 -0.007471 -0.002132 1580436875211212970
-0.524828 6.276108 0.397607 -0.008701 -0.002020 1580436875290086874
-0.524414 6.274143 0.399703 -0.005982 -0.003430 1580436875365437293
-0.524082 6.273565 0.401182 -0.003842 -0.003743 1580436875447213365
-0.525660 6.274910 0.401766 -0.005368 -0.003106 1580436875520307720
-0.527019 6.275592 0.402619 -0.006118 -0.002911 1580436875603201886
-0.528223 6.277662 0.402886 -0.006336 -0.001960 1580436875680472075
-0.530902 6.277588 0.403980 -0.009234 -0.002561 1580436875755410265
-0.533181 6.276920 0.405322 -0.010704 -0.003307 1580436875835608448
-0.533274 6.277206 0.406348 -0.008073 -0.003154 1580436875912621767
-0.535258 6.279384 0.406509 -0.009063 -0.002132 1580436875992305326
-0.535068 6.281726 0.406670 -0.006254 -0.001045 1580436876065318310
-0.534892 6.284020 0.406829 -0.004063 -0.000192 1580436876145379236
-0.534745 6.286943 0.406708 -0.002415 0.000842 1580436876225776765
-0.536418 6.289626 0.406593 -0.004324 0.001353 1580436876300702517
-0.537875 6.292246 0.406485 -0.005395 0.001766 1580436876376820084
-0.535558 6.295789 0.406111 0.000282 0.002995 1580436876455484318
-0.535435 6.300330 0.405203 0.000911 0.004331 1580436876530970354
-0.531675 6.304352 0.404600 0.007455 0.005459 1580436876610953939
-0.528195 6.304930 0.405387 0.011487 0.004336 1580436876690697753
-0.519747 6.304537 0.406699 0.022842 0.003420 1580436876765864903
-0.505029 6.304497 0.407977 0.041779 0.003505 1580436876846179253
-0.492668 6.304193 0.409206 0.052228 0.003205 1580436876920805468
-0.472909 6.305381 0.409848 0.072174 0.004589 1580436877000800722
-0.451185 6.308242 0.409639 0.091099 0.006922 1580436877075725287
-0.428533 6.307399 0.410790 0.105594 0.006705 1580436877156030940
-0.409702 6.308487 0.411095 0.110112 0.007152 1580436877235888112
-0.387167 6.305917 0.412736 0.120359 0.005961 1580436877311111547
-0.359844 6.303097 0.414347 0.165928 0.003970 1580436877391121495
-0.330706 6.299583 0.416179 0.203168 0.002078 1580436877469489542
-0.299973 6.295401 0.418230 0.233188 0.000215 1580436877549017810
-0.275806 6.291435 0.420538 0.244368 -0.002111 1580436877628780311
-0.259157 6.288397 0.422796 0.243102 -0.004174 1580436877701196508
-0.246113 6.287481 0.424478 0.233253 -0.005221 1580436877781022411
-0.216767 6.290729 0.423859 0.255411 -0.001933 1580436877856043475
-0.192169 6.292342 0.424105 0.260466 -0.000939 1580436877939397461
-0.174353 6.294393 0.424366 0.257664 -0.000339 1580436878011680288
-0.158375 6.296811 0.424641 0.249173 0.000016 1580436878091473385
-0.145818 6.300167 0.424653 0.237337 0.000600 1580436878170745555
-0.136232 6.302734 0.424941 0.224867 0.000580 1580436878246590008
-0.128071 6.304615 0.425499 0.211421 0.000124 1580436878326769569
-0.122822 6.307838 0.425501 0.198659 0.000517 1580436878401096928
-0.118002 6.310918 0.425504 0.186256 0.000780 1580436878481676231
-0.115172 6.312386 0.426045 0.175145 0.000172 1580436878557309755
-0.120783 6.312396 0.426807 0.120586 -0.000618 1580436878636956833
-0.125726 6.312347 0.427542 0.082616 -0.001169 1580436878711423538
-0.132452 6.311562 0.428528 0.049948 -0.002030 1580436878791498968
-0.137381 6.313035 0.428678 0.029383 -0.001421 1580436878866341015
-0.140110 6.314597 0.428830 0.017046 -0.000842 1580436878949041447
-0.139245 6.318475 0.428180 0.014459 0.000920 1580436879021770188
-0.138552 6.322212 0.427549 0.012015 0.002259 1580436879101329312
-0.138092 6.326515 0.426666 0.009790 0.003650 1580436879181378904
-0.134164 6.329354 0.426356 0.014035 0.004029 1580436879256784017
-0.132627 6.332714 0.425784 0.013094 0.004582 1580436879336587242
-0.129659 6.336630 0.424965 0.014947 0.005405 1580436879411216508
-0.127084 6.339718 0.424436 0.015455 0.005577 1580436879492831226
-0.125068 6.341263 0.424466 0.015095 0.004897 1580436879566471469
-0.122988 6.342697 0.424493 0.014742 0.004307 1580436879646374756
-0.121345 6.347493 0.423166 0.013797 0.005740 1580436879726912380
-0.116440 6.351373 0.422154 0.018702 0.006493 1580436879801888143
-0.112216 6.355082 0.421170 0.021079 0.006977 1580436879881518995
-0.108796 6.359239 0.419949 0.021682 0.007644 1580436879956820218
-0.100352 6.361227 0.419571 0.030306 0.007071 1580436880036985828
-0.093358 6.363040 0.419206 0.034587 0.006542 1580436880111500260
-0.085458 6.364777 0.418849 0.038887 0.006074 1580436880192661802
-0.079118 6.365735 0.418776 0.039962 0.005275 1580436880266822975
-0.073623 6.365393 0.419250 0.038711 0.003823 1580436880348695796
-0.069265 6.364412 0.419985 0.036035 0.002292 1580436880427926242
-0.065813 6.363494 0.420702 0.032551 0.001100 1580436880506882424
-0.061379 6.363273 0.421124 0.031889 0.000596 1580436880582056129
-0.061321 6.364517 0.420996 0.023600 0.000907 1580436880664499047
-0.063549 6.365724 0.420873 0.014197 0.001107 1580436880736963493
-0.063731 6.367541 0.420482 0.010268 0.001660 1580436880817081146
-0.062211 6.369952 0.419832 0.010277 0.002472 1580436880893446829
-0.060957 6.372932 0.418930 0.009800 0.003442 1580436880972150419
-0.059964 6.376432 0.417783 0.009030 0.004519 1580436881049890115
-0.059177 6.379103 0.416942 0.008090 0.004917 1580436881127972397
-0.058558 6.380998 0.416396 0.007071 0.004796 1580436881207443734
-0.058118 6.382774 0.415869 0.006092 0.004670 1580436881281642700
-0.059604 6.384485 0.415356 0.002047 0.004497 1580436881362326213
-0.060952 6.385431 0.415131 -0.000695 0.003966 1580436881437093441
-0.062156 6.386357 0.414912 -0.002520 0.003517 1580436881518811337
-0.063174 6.387206 0.414701 -0.003594 0.003162 1580436881592009139
-0.065900 6.387363 0.414766 -0.007226 0.002458 1580436881672079560
-0.066416 6.388840 0.414286 -0.006201 0.002681 1580436881752341359
-0.064945 6.390924 0.413548 -0.002131 0.003235 1580436881830585142
-0.063631 6.392224 0.413108 0.000576 0.003255 1580436881902168625
-0.062468 6.393481 0.412679 0.002383 0.003232 1580436881982266538
-0.063300 6.394666 0.412260 0.000376 0.003149 1580436882063984456
-0.064040 6.395120 0.412127 -0.000944 0.002702 1580436882137424481
-0.066573 6.395559 0.411996 -0.004939 0.002293 1580436882222436251
-0.067359 6.250612 0.405999 -0.007077 -0.036276 1580436882292357550
-0.067386 6.255912 0.405067 -0.005179 -0.026325 1580436882374611623
-0.067333 6.260596 0.404444 -0.003683 -0.018915 1580436882453453143
-0.067241 6.265259 0.403847 -0.002544 -0.013199 1580436882528517272
-0.065303 6.269783 0.403269 0.001451 -0.008647 1580436882608768520
-0.063615 6.274227 0.402713 0.003997 -0.005144 1580436882684883624
-0.060330 6.278547 0.402177 0.008585 -0.002397 1580436882762932057
-0.059330 6.283384 0.401381 0.008117 0.000069 1580436882843206597
-0.058575 6.287411 0.400892 0.007443 0.001556 1580436882917630259
-0.059793 6.291301 0.400422 0.003620 0.002647 1580436882992447676
-0.060906 6.295078 0.399968 0.000859 0.003468 1580436883072500591
-0.061924 6.299370 0.399252 -0.001031 0.004440 1580436883152586854
-0.062812 6.302852 0.398837 -0.002226 0.004783 1580436883228124288
-0.065438 6.305598 0.398710 -0.006054 0.004608 1580436883309712829
-0.065830 6.308869 0.398316 -0.005193 0.004854 1580436883382964453
-0.066162 6.312694 0.397660 -0.004360 0.005367 1580436883463302713
-0.066389 6.315720 0.397303 -0.003625 0.005359 1580436883538173048
-0.064736 6.319329 0.396681 0.000161 0.005701 1580436883619577586
-0.065102 6.322137 0.396354 -0.000462 0.005517 1580436883697802235
-0.065426 6.325454 0.395766 -0.000848 0.005704 1580436883774037136
-0.063871 6.328680 0.395196 0.002028 0.005831 1580436883852936270
-0.062533 6.332365 0.394374 0.003819 0.006239 1580436883927940825
-0.061370 6.335929 0.393576 0.004837 0.006490 1580436884007894679
-0.058549 6.341199 0.391975 0.008405 0.007727 1580436884088047792
-0.054325 6.345571 0.390699 0.013442 0.008257 1580436884164851311
-0.054391 6.349755 0.389462 0.009947 0.008523 1580436884243509555
-0.054626 6.365067 0.383065 0.007270 0.015332 1580436884319147168
-0.060417 6.380333 0.376280 -0.004144 0.020844 1580436884399038800
-0.061861 6.395875 0.368858 -0.005338 0.025745 1580436884476894434
-0.068566 6.407234 0.363027 -0.015099 0.027312 1580436884553291371
-0.072505 6.416569 0.357924 -0.017854 0.027563 1580436884628396412
-0.079548 6.415951 0.358176 -0.025065 0.021293 1580436884708417805
-0.083609 6.416192 0.357872 -0.025668 0.017080 1580436884783293467
-0.087055 6.414480 0.358679 -0.024871 0.012415 1580436884863029392
-0.087947 6.411807 0.360016 -0.020148 0.008183 1580436884940089224
-0.088538 6.409181 0.361316 -0.016055 0.004876 1580436885018422750
-0.094452 6.405920 0.362855 -0.021839 0.001834 1580436885098638306
-0.101193 6.401070 0.365168 -0.027704 -0.001493 1580436885174314198
-0.105427 6.394660 0.368323 -0.027002 -0.005069 1580436885266110361
-0.108167 6.390823 0.370222 -0.025504 -0.006327 1580436885329444490
-0.116188 6.385128 0.372896 -0.032426 -0.008385 1580436885408724820
-0.122803 6.379644 0.375479 -0.035532 -0.009881 1580436885483544595
-0.128519 6.371902 0.379115 -0.035878 -0.012284 1580436885566043599
-0.134817 6.361314 0.384023 -0.037515 -0.015803 1580436885643359600
-0.139963 6.352220 0.388221 -0.036828 -0.017703 1580436885720461619
-0.144112 6.342750 0.392567 -0.034614 -0.019373 1580436885798361432
-0.149252 6.332787 0.397060 -0.034551 -0.020935 1580436885877429488
-0.153294 6.323908 0.401126 -0.032901 -0.021624 1580436885953053509
-0.156496 6.314679 0.405331 -0.030268 -0.022349 1580436886029133524
-0.160908 6.304177 0.409970 -0.030077 -0.023523 1580436886109597308
-0.162853 6.294365 0.414456 -0.026088 -0.024166 1580436886185148044
-0.166149 6.284026 0.419077 -0.025235 -0.024930 1580436886263607998
-0.185371 6.270204 0.424644 -0.051448 -0.027618 1580436886343873050
-0.185024 6.260250 0.429220 -0.038403 -0.027454 1580436886418576776
-0.200979 6.244694 0.435280 -0.055756 -0.030355 1580436886499632585
-0.214036 6.231379 0.440568 -0.064417 -0.031567 1580436886573491556
-0.225474 6.217408 0.446020 -0.066863 -0.032530 1580436886658218128
-0.234157 6.205290 0.451001 -0.065291 -0.032597 1580436886732772417
-0.241117 6.192941 0.456083 -0.061112 -0.032762 1580436886808918818
-0.248302 6.181143 0.460979 -0.058537 -0.032723 1580436886883971878
-0.254258 6.169815 0.465744 -0.053794 -0.032306 1580436886964891341
-0.258515 6.158493 0.470601 -0.048181 -0.032160 1580436887039002920
-0.261958 6.147609 0.475323 -0.041941 -0.031697 1580436887119358122
-0.268123 6.137065 0.479903 -0.041935 -0.031303 1580436887199719839
-0.272811 6.127389 0.484314 -0.039934 -0.030744 1580436887273972146
-0.274803 6.117360 0.488867 -0.033401 -0.030286 1580436887353850319
-0.277815 6.107986 0.493254 -0.030633 -0.029842 1580436887428845650
-0.282023 6.097966 0.497778 -0.030316 -0.029787 1580436887509059921
-0.287062 6.089609 0.501874 -0.031742 -0.029154 1580436887584240820
-0.291466 6.083561 0.505355 -0.030972 -0.027282 1580436887668760185
-0.297336 5.934034 0.502957 -0.042673 -0.065111 1580436887740011514
-0.307867 5.931332 0.506194 -0.049762 -0.055045 1580436887819336302
-0.320218 5.928939 0.509325 -0.058137 -0.046988 1580436887899259565
-0.335784 5.924946 0.512864 -0.070646 -0.041903 1580436887974319024
-0.348626 5.921220 0.516293 -0.074633 -0.037390 1580436888054407129
-0.356913 5.917593 0.519875 -0.070378 -0.033791 1580436888129956576
-0.369211 5.917037 0.522550 -0.073452 -0.029551 1580436888209508532
-0.379225 5.917466 0.525149 -0.072492 -0.025869 1580436888283896132
-0.390949 5.911310 0.528005 -0.074292 -0.025226 1580436888364835593
-0.405811 5.913953 0.529898 -0.081398 -0.021665 1580436888439658623
-0.430547 5.907636 0.532275 -0.104007 -0.022831 1580436888519363034
-0.454987 5.902338 0.534302 -0.119931 -0.023093 1580436888599866849
-0.484530 5.893956 0.536754 -0.140171 -0.025052 1580436888683152247
-0.509166 5.887511 0.538839 -0.149351 -0.025555 1580436888755250725
-0.530418 5.883077 0.540632 -0.147434 -0.024531 1580436888836569779
-0.707519 5.855894 0.537872 -0.379044 -0.038533 1580436888909101031
-0.827162 5.818271 0.534456 -0.493170 -0.043378 1580436888989298777
-0.822594 5.839585 0.537296 -0.363553 -0.028344 1580436889064570906
-0.812481 5.855089 0.539485 -0.246165 -0.015655 1580436889144398912
-0.796214 5.866106 0.541386 -0.147668 -0.005909 1580436889222638198
-0.775761 5.875081 0.542839 -0.068106 0.001845 1580436889299523493
-0.756548 5.880323 0.544376 -0.012342 0.006061 1580436889379391754
-0.729913 5.884382 0.546078 0.041305 0.009864 1580436889454302396
-0.705521 5.887031 0.547687 0.075718 0.011589 1580436889536014388
-0.690635 5.892349 0.548254 0.084756 0.012922 1580436889609685599
-0.666896 5.894925 0.549523 0.105739 0.013816 1580436889689370133
-0.633723 5.901940 0.550647 0.139467 0.017957 1580436889764528681
-0.597027 5.904115 0.551503 0.167599 0.019802 1580436889847258509
-0.555315 5.903981 0.552496 0.199693 0.021281 1580436889920161637
-0.509855 5.905713 0.552657 0.226519 0.023752 1580436890003050757
-0.465881 5.906853 0.553998 0.245251 0.023917 1580436890081601882
-0.425973 5.909438 0.554798 0.254992 0.024442 1580436890154758138
-0.389866 5.911882 0.555899 0.251186 0.023200 1580436890236363251
-0.360899 5.918662 0.556031 0.239766 0.023832 1580436890311445270
-0.336788 5.924221 0.556737 0.220601 0.022379 1580436890390518754
-0.288062 5.924863 0.558072 0.280699 0.020375 1580436890464845669
-0.245463 5.926491 0.559452 0.312501 0.017705 1580436890544974560
-0.208280 5.935844 0.559113 0.326742 0.019065 1580436890625961523
-0.179676 5.946102 0.558888 0.326009 0.019642 1580436890700539192
-0.153112 5.956092 0.558990 0.317884 0.019177 1580436890781639209
-0.132085 5.965267 0.559396 0.306534 0.018084 1580436890855137914
-0.113941 5.975059 0.559852 0.289436 0.016996 1580436890934883700
-0.100818 5.983077 0.560841 0.270165 0.014900 1580436891010212347
-0.087940 5.990119 0.562075 0.252628 0.012587 1580436891090744236
-0.077838 5.996184 0.563551 0.234600 0.010128 1580436891171498146
-0.073295 6.004136 0.564498 0.214504 0.009329 1580436891245456503
-0.069180 6.010938 0.565680 0.196143 0.008061 1580436891325942460
-0.068843 6.016556 0.567086 0.177208 0.006459 1580436891402700625
-0.063627 6.023630 0.567938 0.171330 0.006373 1580436891480353581
-0.059656 6.030536 0.568775 0.164892 0.006281 1580436891557533993
-0.052961 6.038165 0.569342 0.164650 0.006778 1580436891635372502
-0.049591 6.042831 0.570659 0.159176 0.005453 1580436891711068668
-0.046503 6.047465 0.571952 0.153410 0.004410 1580436891791497099
-0.046694 6.051056 0.573460 0.144955 0.003052 1580436891865646001
-0.050084 6.053656 0.575187 0.131597 0.001403 1580436891946146635
-0.049805 6.058029 0.576363 0.128366 0.001281 1580436892025921327
-0.054021 6.064952 0.576736 0.089147 0.002932 1580436892100676039
-0.045318 6.072032 0.577131 0.111515 0.004224 1580436892180745503
-0.038014 6.079929 0.577276 0.126393 0.005751 1580436892255364367
-0.023290 6.090573 0.576663 0.148863 0.008630 1580436892340051400
-0.014133 6.108409 0.574084 0.158787 0.015138 1580436892410318859
0.004019 6.128143 0.570105 0.161933 0.020476 1580436892571049919
0.005740 6.150621 0.563150 0.176507 0.027158 1580436892578117083
0.013943 6.173925 0.556014 0.180389 0.032821 1580436892645342027
0.024515 6.195699 0.549302 0.182690 0.036798 1580436892725814524
0.028982 6.215066 0.543373 0.174905 0.039040 1580436892800938367
0.027659 6.233500 0.537778 0.157216 0.040410 1580436892881346594
0.027476 6.250232 0.532465 0.146577 0.040943 1580436892960456476
0.026527 6.265429 0.527441 0.138338 0.040933 1580436893035517410
0.022834 6.280144 0.522603 0.125076 0.040375 1580436893122831942
0.010602 6.153599 0.510537 0.075512 0.001117 1580436893190525215
0.001139 6.168188 0.506103 0.039633 0.009098 1580436893271454777
-0.006002 6.182704 0.501557 0.017092 0.015461 1580436893351087223
-0.008898 6.195856 0.497584 0.007864 0.019590 1580436893426008302
-0.015219 6.207729 0.494094 -0.005055 0.022024 1580436893507646248
-0.017080 6.219589 0.490482 -0.007015 0.024122 1580436893580898010
-0.020556 6.231002 0.487012 -0.011131 0.025424 1580436893662308347
-0.023829 6.241690 0.483709 -0.013932 0.026172 1580436893737802397
-0.028449 6.250667 0.481164 -0.018250 0.025571 1580436893815903144
-0.034139 6.259717 0.478426 -0.023339 0.025312 1580436893892065005
-0.039022 6.269020 0.475493 -0.025633 0.025287 1580436893971253379
-0.041169 6.277810 0.472697 -0.022934 0.025080 1580436894045717101
-0.041149 6.285845 0.470304 -0.016877 0.024225 1580436894127061721
-0.042739 6.294003 0.467696 -0.015169 0.023749 1580436894206837709
-0.043927 6.302789 0.464605 -0.013377 0.024058 1580436894281572027
-0.044904 6.310676 0.461919 -0.011544 0.023609 1580436894361163615
-0.047425 6.318583 0.459049 -0.012895 0.023472 1580436894435927818
-0.049601 6.325659 0.456568 -0.013190 0.022689 1580436894516231285
-0.049517 6.333417 0.453601 -0.009723 0.022762 1580436894591563891
-0.049395 6.340389 0.451012 -0.006895 0.022128 1580436894674132408
-0.049168 6.347369 0.448233 -0.004755 0.021889 1580436894748772234
-0.047113 6.354043 0.445555 -0.000055 0.021519 1580436894825842756
-0.048957 6.359859 0.443249 -0.003100 0.020550 1580436894906004975
-0.050552 6.365267 0.441028 -0.004961 0.019651 1580436894981602085
-0.050103 6.371051 0.438587 -0.002878 0.019181 1580436895061726397
-0.049667 6.376417 0.436236 -0.001393 0.018667 1580436895136710996
-0.049274 6.381034 0.434245 -0.000340 0.017686 1580436895215978699
-0.048919 6.385471 0.432306 0.000383 0.016737 1580436895298425170
-0.048616 6.390080 0.430152 0.000834 0.016290 1580436895373302347
-0.050200 6.393944 0.428352 -0.001998 0.015381 1580436895451802988
-0.047921 6.397013 0.426904 0.002311 0.014242 1580436895526116570
-0.045906 6.399992 0.425497 0.005106 0.013210 1580436895606329467
-0.049680 6.402188 0.424424 -0.002432 0.011879 1580436895681820362
-0.047505 6.404345 0.423381 0.001851 0.010805 1580436895762388571
-0.045606 6.406310 0.422374 0.004573 0.009907 1580436895837601672
-0.043952 6.408200 0.421397 0.006181 0.009119 1580436895916774114
-0.042579 6.409937 0.420455 0.006959 0.008450 1580436895991431602
-0.039560 6.411065 0.419821 0.010218 0.007491 1580436896071440370
-0.038766 6.397192 0.418858 0.008862 -0.045286 1580436896152312034
