1.200000 6.200000 -0.000000 0.000000 500 254 1580436841650983010
1.200000 6.200000 -0.000000 0.000000 500 252 1580436842475735439
1.200000 6.200000 -0.000000 0.000000 500 253 1580436842488963730
1.200000 6.200000 -0.000000 0.000000 498 252 1580436842496376076
1.200000 6.200000 -0.000000 0.000000 499 253 1580436842503742766
1.200000 6.200000 -0.000000 0.000000 500 254 1580436842510328829
1.200000 6.200000 -0.000000 0.000000 501 254 1580436842516965229
1.200000 6.200000 -0.000000 0.000000 501 254 1580436842525380594
1.200000 6.200000 -0.000000 0.000000 501 254 1580436842531763173
1.200000 6.200000 -0.000000 0.000000 501 253 1580436842539288736
1.200000 6.200000 -0.000000 0.000000 500 254 1580436842546016646
1.000000 6.200000 -0.000000 0.000000 500 254 1580436842553073808
1.200000 6.200000 -0.000000 0.000000 501 254 1580436842588653768
1.000000 6.200000 -0.000000 0.000000 500 255 1580436842660438857
1.200000 6.200000 -0.000000 0.000000 500 255 1580436842740897868
1.200000 6.200000 -0.000000 0.000000 501 255 1580436842816982654
1.200000 6.200000 -0.000000 0.000000 501 255 1580436842895548754
1.000000 6.200000 -0.000000 0.000000 501 255 1580436842970759223
1.000000 6.200000 -0.000000 0.000000 500 255 1580436843050801700
1.000000 6.200000 -0.000000 0.000000 500 254 1580436843130835349
1.000000 6.200000 -0.000000 0.000000 500 254 1580436843206357617
1.200000 6.200000 -0.000000 0.000000 501 254 1580436843287601186
1.000000 6.200000 -0.000000 0.000000 501 253 1580436843361841287
1.000000 6.200000 -0.000000 0.000000 501 253 1580436843440820461
1.000000 6.200000 -0.000000 0.000000 501 253 1580436843521033348
1.000000 6.200000 -0.000000 0.000000 500 255 1580436843595568799
1.000000 6.200000 -0.000000 0.000000 501 254 1580436843678931112
1.000000 6.200000 -0.000000 0.000000 500 254 1580436843752771018
1.000000 6.200000 -0.000000 0.000000 501 254 1580436843830945836
1.000000 6.200000 -0.000000 0.000000 501 254 1580436843913350943
1.000000 6.200000 -0.000000 0.000000 501 254 1580436843986032614
1.000000 6.200000 -0.000000 0.000000 501 254 1580436844060823983
1.000000 6.200000 -0.000000 0.000000 500 254 1580436844141260203
1.000000 6.200000 -0.000000 0.000000 501 254 1580436844223105920
1.000000 6.200000 -0.000000 0.000000 501 255 1580436844296232221
1.000000 6.200000 -0.000000 0.000000 502 254 1580436844371273776
1.000000 6.200000 -0.000000 0.000000 501 254 1580436844451401164
1.000000 6.200000 -0.000000 0.000000 500 254 1580436844531472793
1.000000 6.200000 -0.000000 0.000000 501 253 1580436844608559220
1.000000 6.200000 -0.000000 0.000000 500 254 1580436844685624156
1.000000 6.200000 -0.000000 0.000000 501 253 1580436844761344751
1.000000 6.200000 -0.000000 0.000000 501 253 1580436844841545636
1.000000 6.200000 -0.000000 0.000000 501 253 1580436844922012532
1.000000 6.200000 -0.000000 0.000000 501 254 1580436844998472066
1.000000 6.200000 -0.000000 0.000000 500 254 1580436845081459710
1.000000 6.200000 -0.000000 0.000000 501 254 1580436845152454559
1.000000 6.200000 -0.000000 0.000000 501 252 1580436845231173644
1.000000 6.200000 -0.000000 0.000000 501 254 1580436845306496717
1.000000 6.200000 -0.000000 0.000000 500 255 1580436845386641013
1.000000 6.200000 -0.000000 0.000000 501 254 1580436845461632242
1.000000 6.200000 -0.000000 0.000000 500 254 1580436845541389120
1.000000 6.200000 -0.000000 0.000000 500 254 1580436845616011441
1.200000 6.200000 -0.000000 0.000000 501 254 1580436845697319039
1.200000 6.200000 -0.000000 0.000000 501 254 1580436845776521954
1.200000 6.200000 -0.000000 0.000000 501 254 1580436845851664800
1.200000 6.200000 -0.000000 0.000000 500 254 1580436845927003152
1.200000 6.200000 -0.000000 0.000000 501 255 1580436846006852145
1.200000 6.200000 -0.000000 0.000000 501 254 1580436846087208205
1.200000 6.200000 -0.000000 0.000000 501 254 1580436846161606882
1.000000 6.200000 -0.000000 0.000000 500 254 1580436846241363395
1.000000 6.200000 -0.000000 0.000000 501 254 1580436846328784384
1.000000 6.200000 -0.000000 0.000000 500 254 1580436846396602677
1.000000 6.200000 -0.000000 0.000000 500 254 1580436846473222242
1.200000 6.200000 -0.000000 0.000000 501 256 1580436846551218827
1.200000 6.200000 -0.000000 0.000000 501 256 1580436846631333842
1.200000 6.200000 -0.000000 0.000000 501 257 1580436846706560887
1.200000 6.200000 -0.000000 0.000000 501 258 1580436846787381550
1.200000 6.200000 -0.000000 0.000000 501 256 1580436846861394467
1.200000 6.200000 -0.000000 0.000000 500 254 1580436846941460237
1.200000 6.200000 -0.000000 0.000000 500 255 1580436847029032371
1.000000 6.200000 -0.000000 0.000000 498 256 1580436847177069119
1.000000 6.200000 -0.000000 0.000000 498 256 1580436847253330928
1.000000 6.200000 -0.000000 0.000000 497 253 1580436847331474300
1.000000 6.200000 -0.000000 0.000000 485 251 1580436847412122564
1.000000 6.200000 -0.000000 0.000000 483 253 1580436847486786472
1.000000 6.200000 -0.000000 0.000000 479 248 1580436847567293334
1.000000 6.200000 -0.000000 0.000000 479 253 1580436847642494306
1.000000 6.200000 -0.000000 0.000000 481 254 1580436847721768507
1.000000 6.200000 -0.000000 0.000000 481 254 1580436847798337964
1.000000 6.200000 -0.250000 0.000000 477 255 1580436847877414724
1.000000 6.200000 -0.250000 0.000000 471 256 1580436847952388130
0.800000 6.200000 -0.250000 0.000000 471 256 1580436848034663413
0.800000 6.200000 -0.250000 0.000000 468 256 1580436848117824767
0.800000 6.200000 -0.250000 0.000000 462 255 1580436848187199075
0.800000 6.200000 -0.250000 0.000000 464 255 1580436848267445296
0.800000 6.200000 -0.250000 0.000000 464 256 1580436848342004383
0.800000 6.200000 -0.250000 0.000000 469 255 1580436848426725671
0.800000 6.200000 -0.250000 0.000000 466 255 1580436848497510903
0.800000 6.200000 -0.250000 0.000000 463 254 1580436848577217097
0.800000 6.200000 -0.250000 0.000000 465 251 1580436848659412233
0.800000 6.200000 -0.250000 0.000000 464 250 1580436848733411440
0.800000 6.200000 -0.250000 0.000000 468 247 1580436848812510125
0.800000 6.200000 -0.000000 0.000000 467 248 1580436848886994769
0.800000 6.200000 -0.000000 0.000000 472 244 1580436848967434779
0.800000 6.200000 -0.000000 0.000000 470 243 1580436849042873146
0.800000 6.200000 -0.000000 0.000000 468 241 1580436849122815131
0.800000 6.200000 -0.000000 0.000000 472 240 1580436849198068915
0.800000 6.200000 -0.000000 0.000000 475 241 1580436849277737008
0.800000 6.200000 -0.000000 0.000000 476 233 1580436849357931730
0.800000 6.200000 -0.000000 0.000000 474 233 1580436849432470356
0.800000 6.200000 -0.000000 0.000000 474 235 1580436849512590194
0.800000 6.200000 -0.000000 0.000000 476 231 1580436849587851975
0.800000 6.200000 -0.000000 0.000000 476 234 1580436849668011989
0.800000 6.200000 -0.000000 0.000000 475 235 1580436849742557585
1.000000 6.200000 -0.000000 0.000000 477 236 1580436849823046283
1.000000 6.200000 -0.000000 0.000000 477 235 1580436849899580334
1.000000 6.200000 -0.000000 0.000000 479 238 1580436849979607235
1.000000 6.200000 -0.000000 0.000000 478 239 1580436850058597723
1.000000 6.200000 0.250000 0.000000 480 236 1580436850133813922
1.000000 6.200000 0.250000 0.000000 479 231 1580436850212974810
1.000000 6.200000 0.250000 0.000000 483 232 1580436850294346870
1.000000 6.200000 0.250000 0.000000 483 229 1580436850371965766
1.000000 6.200000 0.250000 0.000000 481 231 1580436850447715268
1.000000 6.200000 0.250000 0.000000 481 227 1580436850528611313
1.000000 6.200000 0.250000 0.000000 479 230 1580436850610560059
0.000000 0.000000 0.000000 0.000000 478 227 1580436850678079492
1.200000 6.200000 0.250000 0.000000 478 227 1580436850759701113
1.200000 6.200000 0.250000 0.000000 480 227 1580436850842118343
1.000000 6.200000 -0.000000 0.000000 482 225 1580436850913120510
1.000000 6.200000 -0.000000 0.000000 483 226 1580436850992654131
1.000000 6.200000 -0.000000 0.000000 481 227 1580436851072559700
1.000000 6.200000 -0.000000 0.000000 479 227 1580436851150355241
1.000000 6.200000 -0.000000 0.000000 482 226 1580436851223129338
1.000000 6.200000 -0.000000 0.000000 478 226 1580436851303090418
1.000000 6.200000 -0.000000 0.000000 477 227 1580436851380803658
1.000000 6.200000 -0.000000 0.000000 479 226 1580436851457977734
1.000000 6.200000 -0.000000 0.000000 480 228 1580436851534792949
1.000000 6.200000 -0.000000 0.000000 484 229 1580436851613407651
1.000000 6.200000 -0.000000 0.000000 485 228 1580436851692965830
1.000000 6.200000 -0.000000 0.000000 485 226 1580436851768853927
1.000000 6.200000 -0.000000 0.000000 485 226 1580436851857917681
1.000000 6.200000 -0.000000 0.000000 483 225 1580436851923338525
1.000000 6.200000 -0.000000 0.000000 481 223 1580436852002773021
1.000000 6.200000 -0.000000 0.000000 481 225 1580436852083288643
0.800000 6.200000 -0.000000 0.000000 471 225 1580436852160052304
0.800000 6.200000 -0.000000 0.000000 464 223 1580436852239023155
0.800000 6.200000 -0.250000 0.000000 455 225 1580436852314461536
0.800000 6.200000 -0.250000 0.000000 447 226 1580436852393815769
0.800000 6.200000 -0.250000 0.000000 439 235 1580436852468661278
0.600000 6.200000 -0.250000 0.000000 436 228 1580436852548931775
0.600000 6.200000 -0.250000 0.000000 436 228 1580436852623263821
0.600000 6.200000 -0.250000 0.000000 422 224 1580436852706502354
0.600000 6.200000 -0.500000 0.000000 421 229 1580436852783626413
0.400000 6.200000 -0.500000 0.000000 418 227 1580436852860877840
0.400000 6.200000 -0.500000 0.000000 411 229 1580436852940288794
0.400000 6.200000 -0.500000 0.000000 409 230 1580436853013877013
0.200000 6.200000 -0.500000 0.000000 409 230 1580436853094215089
0.200000 6.200000 -0.500000 0.000000 409 226 1580436853169415924
0.200000 6.200000 -0.500000 0.000000 409 226 1580436853249876405
0.200000 6.200000 -0.500000 0.000000 410 227 1580436853324052152
0.200000 6.200000 -0.500000 0.000000 409 225 1580436853403680673
0.200000 6.200000 -0.500000 0.000000 410 226 1580436853487861993
0.200000 6.200000 -0.500000 0.000000 408 230 1580436853566102453
0.200000 6.200000 -0.250000 0.000000 408 225 1580436853639766365
0.200000 6.200000 -0.250000 0.000000 406 224 1580436853714137401
0.200000 6.200000 -0.250000 0.000000 406 225 1580436853796162784
0.200000 6.200000 -0.250000 0.000000 404 223 1580436853869615573
-0.000000 6.200000 -0.250000 0.000000 403 222 1580436853948790307
-0.000000 6.200000 -0.250000 0.000000 403 222 1580436854028753002
-0.000000 6.200000 -0.250000 0.000000 403 221 1580436854105039341
-0.000000 6.200000 -0.250000 0.000000 400 224 1580436854196842616
-0.000000 6.200000 -0.250000 0.000000 397 225 1580436854259395402
-0.000000 6.200000 -0.250000 0.000000 393 226 1580436854339935252
-0.000000 6.200000 -0.250000 0.000000 395 224 1580436854421773817
-0.000000 6.200000 -0.250000 0.000000 395 224 1580436854494776785
-0.000000 6.200000 -0.250000 0.000000 392 227 1580436854574107109
-0.000000 6.200000 -0.000000 0.000000 391 228 1580436854649378893
-0.000000 6.200000 -0.000000 0.000000 390 225 1580436854732102437
0.200000 6.200000 -0.000000 0.000000 386 228 1580436854809409054
2.800000 5.400000 -1.500000 0.250000 382 231 1580436854884385059
-0.000000 6.400000 -0.000000 0.000000 382 231 1580436854965410396
0.200000 6.400000 -0.000000 0.000000 382 228 1580436855042421140
0.200000 6.200000 -0.000000 0.000000 380 233 1580436855119078990
-0.000000 6.200000 -0.000000 0.000000 377 234 1580436855194670598
-0.000000 6.200000 -0.250000 0.000000 377 233 1580436855274081296
-0.000000 6.200000 -0.250000 0.000000 377 236 1580436855349421118
-0.000000 6.200000 -0.250000 0.000000 375 234 1580436855429463904
-0.000000 6.200000 -0.250000 0.000000 377 235 1580436855509165017
-0.000000 6.200000 -0.250000 0.000000 378 239 1580436855584388746
-0.000000 6.200000 -0.250000 0.000000 377 240 1580436855664799447
-0.000000 6.200000 -0.250000 0.000000 379 237 1580436855747226027
-0.000000 6.200000 -0.000000 0.000000 378 236 1580436855819617449
-0.000000 6.200000 -0.250000 0.000000 378 236 1580436855894418416
-0.000000 6.200000 -0.000000 0.000000 378 238 1580436855975579221
-0.000000 6.200000 -0.000000 0.000000 378 236 1580436856050720656
-0.000000 6.200000 -0.000000 0.000000 378 236 1580436856137235909
-0.000000 6.200000 -0.000000 0.000000 376 237 1580436856205611204
-0.000000 6.200000 -0.000000 0.000000 375 237 1580436856284604101
-0.000000 6.200000 -0.000000 0.000000 375 232 1580436856364839096
-0.000000 6.200000 -0.000000 0.000000 376 229 1580436856440004461
-0.000000 6.200000 -0.000000 0.000000 376 229 1580436856524868433
-0.000000 6.200000 -0.000000 0.000000 375 230 1580436856594900703
-0.000000 6.200000 -0.000000 0.000000 375 231 1580436856674778387
-0.000000 6.200000 -0.000000 0.000000 375 231 1580436856761383352
-0.000000 6.200000 -0.000000 0.000000 376 230 1580436856829887831
-0.000000 6.200000 -0.000000 0.000000 376 230 1580436856909613516
-0.200000 6.200000 -0.000000 0.000000 377 229 1580436856993397720
-0.000000 6.200000 -0.000000 0.000000 377 231 1580436857067803501
-1.800000 1.200000 -0.000000 0.000000 376 233 1580436857139503048
-0.000000 6.200000 -0.000000 0.000000 376 232 1580436857222630000
-0.000000 6.200000 -0.000000 0.000000 377 236 1580436857295632092
-0.000000 6.200000 -0.000000 0.000000 377 239 1580436857377586506
-0.000000 6.200000 -0.000000 0.000000 377 236 1580436857454929171
-0.000000 6.200000 -0.000000 0.000000 378 238 1580436857530900984
-0.000000 6.200000 -0.000000 0.000000 377 239 1580436857610130624
-0.000000 6.200000 -0.000000 0.000000 376 237 1580436857685469438
-0.000000 6.200000 -0.000000 0.000000 379 237 1580436857771247890
-0.000000 6.200000 -0.000000 0.000000 378 234 1580436857840538885
-0.000000 6.200000 -0.000000 0.000000 378 234 1580436857920151129
-0.000000 6.200000 -0.000000 0.000000 377 235 1580436857995193860
-0.000000 6.200000 -0.000000 0.000000 377 233 1580436858080078390
-0.000000 6.200000 -0.000000 0.000000 377 235 1580436858155631043
-0.000000 6.200000 -0.000000 0.000000 379 239 1580436858231547518
-0.000000 6.200000 -0.000000 0.000000 377 238 1580436858315865141
-0.000000 6.200000 -0.000000 0.000000 376 233 1580436858385095911
-0.000000 6.200000 -0.000000 0.000000 376 234 1580436858466950777
-0.000000 6.200000 -0.000000 0.000000 378 238 1580436858540466279
-0.000000 6.200000 -0.000000 0.000000 376 242 1580436858621107286
-0.000000 6.200000 -0.000000 0.000000 375 242 1580436858695728133
-0.200000 6.200000 -0.000000 0.000000 375 241 1580436858775519255
-0.200000 6.200000 -0.000000 0.000000 373 240 1580436858862311088
-0.200000 6.200000 -0.250000 0.000000 363 243 1580436858935081317
-0.200000 6.200000 -0.250000 0.000000 362 241 1580436859012217233
-0.200000 6.200000 -0.250000 0.000000 362 241 1580436859085408267
-0.200000 6.200000 -0.250000 0.000000 360 242 1580436859165481849
-0.200000 6.200000 -0.250000 0.000000 361 244 1580436859240632958
-0.200000 6.200000 -0.250000 0.000000 361 243 1580436859320808189
-0.200000 6.200000 -0.250000 0.000000 362 244 1580436859396075188
-0.200000 6.200000 -0.250000 0.000000 362 245 1580436859475481957
-0.400000 6.200000 -0.250000 0.000000 360 257 1580436859555788177
-0.400000 6.200000 -0.250000 0.000000 360 257 1580436859630692536
-0.400000 6.200000 -0.250000 0.000000 357 254 1580436859710969951
-0.400000 6.200000 -0.250000 0.000000 358 255 1580436859788209873
-0.400000 6.200000 -0.250000 0.000000 361 255 1580436859877579223
-0.400000 6.200000 -0.250000 0.000000 361 276 1580436859940724696
-0.400000 6.200000 -0.250000 0.000000 356 281 1580436860022507430
-0.400000 6.400000 -0.250000 0.000000 356 281 1580436860106816796
-0.400000 6.400000 -0.250000 0.000000 348 281 1580436860175981065
-0.400000 6.400000 -0.250000 0.000000 340 279 1580436860257061024
-0.400000 6.400000 -0.250000 0.000000 339 279 1580436860332094948
-0.400000 6.400000 -0.250000 0.000000 336 275 1580436860411867759
-0.400000 6.400000 -0.250000 0.000000 337 274 1580436860491144147
-0.400000 6.400000 -0.250000 0.000000 336 259 1580436860565935296
-0.400000 6.400000 -0.250000 0.000000 334 258 1580436860646087542
-0.400000 6.400000 -0.000000 0.000000 332 276 1580436860721240913
-0.400000 6.400000 -0.000000 0.000000 335 260 1580436860801161957
-0.400000 6.400000 -0.250000 0.000000 333 256 1580436860881133924
-0.400000 6.400000 -0.250000 0.000000 330 257 1580436860956045887
-0.600000 6.400000 -0.250000 0.000000 323 258 1580436861036044539
-0.600000 6.400000 -0.250000 0.000000 325 256 1580436861111105438
-0.600000 6.400000 -0.250000 0.000000 322 255 1580436861190992530
-0.600000 6.400000 -0.250000 0.000000 322 256 1580436861271070082
-0.600000 6.400000 -0.250000 0.000000 319 257 1580436861345912991
-0.600000 6.400000 -0.250000 0.000000 320 258 1580436861429387636
-0.600000 6.400000 -0.250000 0.000000 319 258 1580436861500803093
-0.600000 6.400000 -0.000000 0.000000 320 256 1580436861581260283
-0.600000 6.400000 -0.000000 0.000000 319 257 1580436861662639572
-0.600000 6.400000 -0.000000 0.000000 318 255 1580436861736466428
-0.600000 6.400000 -0.000000 0.000000 318 255 1580436861817831362
-0.600000 6.400000 -0.000000 0.000000 320 257 1580436861903625099
-0.600000 6.400000 -0.000000 0.000000 322 257 1580436861971387828
-0.600000 6.400000 -0.000000 0.000000 322 256 1580436862051742521
-0.600000 6.400000 -0.000000 0.000000 322 256 1580436862126661199
-0.600000 6.400000 -0.000000 0.000000 322 275 1580436862206654982
-0.600000 6.400000 -0.000000 0.000000 322 275 1580436862281657735
-0.600000 6.400000 -0.000000 0.000000 321 276 1580436862361793590
-0.600000 6.400000 -0.000000 0.000000 322 275 1580436862438720558
-0.600000 6.400000 -0.000000 0.000000 322 275 1580436862516784188
-0.600000 6.400000 -0.000000 0.000000 321 275 1580436862602732163
-0.600000 6.400000 -0.000000 0.000000 322 258 1580436862671692602
-0.600000 6.200000 -0.000000 0.000000 322 258 1580436862753114680
-0.600000 6.400000 -0.000000 0.000000 322 259 1580436862827348933
-0.600000 6.400000 -0.000000 0.000000 322 257 1580436862906512979
-0.600000 6.400000 -0.000000 0.000000 323 258 1580436862988047269
-0.600000 6.400000 -0.000000 0.000000 322 257 1580436863063425413
-0.600000 6.400000 -0.000000 0.000000 322 257 1580436863141707136
-0.600000 6.400000 -0.000000 0.000000 322 258 1580436863216814198
-0.600000 6.400000 -0.000000 0.000000 322 258 1580436863296560939
-0.600000 6.400000 -0.000000 0.000000 321 259 1580436863379694623
-0.600000 6.400000 -0.000000 0.000000 321 259 1580436863452201241
-0.600000 6.400000 -0.000000 0.000000 320 259 1580436863533520769
-0.600000 6.400000 -0.000000 0.000000 320 259 1580436863611822622
-0.600000 6.400000 -0.000000 0.000000 320 259 1580436863687174836
-0.600000 6.400000 -0.000000 0.000000 320 258 1580436863767140247
-0.600000 6.400000 -0.000000 0.000000 320 257 1580436863842374923
-0.600000 6.400000 -0.000000 0.000000 320 257 1580436863921711882
-0.600000 6.400000 -0.000000 0.000000 320 256 1580436864002037917
-0.600000 6.400000 -0.000000 0.000000 320 255 1580436864076792614
-0.600000 6.400000 -0.000000 0.000000 320 256 1580436864156945973
-0.600000 6.400000 -0.000000 0.000000 320 255 1580436864232469683
-0.600000 6.400000 -0.000000 0.000000 320 256 1580436864311772639
-0.600000 6.400000 -0.000000 0.000000 320 256 1580436864387372314
-0.600000 6.400000 -0.000000 0.000000 319 256 1580436864467171318
-0.600000 6.400000 -0.000000 0.000000 319 256 1580436864542109907
-0.600000 6.400000 -0.000000 0.000000 320 256 1580436864622351055
-0.600000 6.400000 -0.000000 0.000000 320 257 1580436864697577211
-0.600000 6.400000 -0.000000 0.000000 321 256 1580436864779548802
-0.600000 6.200000 -0.000000 0.000000 322 257 1580436864857318180
-0.600000 6.200000 -0.000000 0.000000 321 256 1580436864933324635
-0.600000 6.200000 -0.000000 0.000000 321 256 1580436865012462177
-0.600000 6.200000 -0.000000 0.000000 322 257 1580436865087177083
-0.600000 6.200000 -0.000000 0.000000 322 257 1580436865167393171
-0.600000 6.200000 -0.000000 0.000000 321 258 1580436865242510888
-0.600000 6.200000 -0.000000 0.000000 322 258 1580436865328850136
-0.600000 6.200000 -0.000000 0.000000 319 259 1580436865399379604
-0.600000 6.200000 -0.000000 0.000000 320 259 1580436865477470292
-0.600000 6.200000 -0.000000 0.000000 318 258 1580436865559330663
-0.600000 6.200000 -0.000000 0.000000 317 257 1580436865632726945
-0.600000 6.200000 -0.000000 0.000000 316 255 1580436865712650307
-0.600000 6.200000 -0.000000 0.000000 315 254 1580436865790182888
-0.600000 6.200000 -0.000000 0.000000 314 254 1580436865867482245
-0.600000 6.200000 -0.000000 0.000000 312 254 1580436865942714755
-0.600000 6.200000 -0.000000 0.000000 312 252 1580436866024785243
-0.600000 6.200000 -0.000000 0.000000 312 251 1580436866103681329
-0.600000 6.200000 -0.000000 0.000000 312 255 1580436866177615050
-0.800000 6.200000 -0.250000 0.000000 312 255 1580436866257398874
-0.800000 6.200000 -0.250000 0.000000 302 249 1580436866332594352
-0.800000 6.200000 -0.250000 0.000000 301 249 1580436866412551159
-0.800000 6.200000 -0.250000 0.000000 300 245 1580436866492944165
-0.800000 6.200000 -0.250000 0.000000 299 248 1580436866568275234
-0.800000 6.200000 -0.250000 0.000000 296 248 1580436866642561961
-1.000000 6.200000 -0.250000 0.000000 297 246 1580436866722628912
-1.000000 6.200000 -0.250000 0.000000 293 248 1580436866803068860
-1.000000 6.200000 -0.250000 0.000000 292 255 1580436866879330011
-1.000000 6.200000 -0.250000 0.000000 289 252 1580436866959900073
-1.000000 6.200000 -0.250000 0.000000 289 252 1580436867036319667
-1.000000 6.200000 -0.250000 0.000000 285 249 1580436867112883800
-1.000000 6.200000 -0.250000 0.000000 279 251 1580436867187633298
-1.000000 6.200000 -0.250000 0.000000 280 252 1580436867268325186
-1.000000 6.200000 -0.250000 0.000000 278 252 1580436867347908280
-1.000000 6.200000 -0.250000 0.000000 275 253 1580436867425007139
-1.000000 6.200000 -0.250000 0.000000 276 251 1580436867503073354
-1.000000 6.200000 -0.250000 0.000000 275 250 1580436867577984604
-1.000000 6.200000 -0.250000 0.000000 275 252 1580436867660175873
-1.000000 6.200000 -0.250000 0.000000 274 255 1580436867732943845
-1.000000 6.200000 -0.000000 0.000000 273 254 1580436867815160957
-1.000000 6.200000 -0.000000 0.000000 273 252 1580436867893090672
-1.000000 6.200000 -0.000000 0.000000 273 254 1580436867969875282
-1.000000 6.200000 -0.000000 0.000000 273 253 1580436868048320638
-1.000000 6.200000 -0.000000 0.000000 273 255 1580436868122982399
-1.000000 6.200000 -0.000000 0.000000 271 254 1580436868205492558
-1.000000 6.200000 -0.000000 0.000000 270 252 1580436868283286807
-1.200000 6.200000 -0.250000 0.000000 268 253 1580436868358043093
-1.200000 6.200000 -0.000000 0.000000 263 253 1580436868440169380
-1.200000 6.200000 -0.000000 0.000000 261 254 1580436868518889977
-1.200000 6.200000 -0.000000 0.000000 261 254 1580436868593298471
-1.200000 6.200000 -0.250000 0.000000 258 253 1580436868673566620
-1.200000 6.200000 -0.250000 0.000000 259 254 1580436868749570048
-1.200000 6.200000 -0.250000 0.000000 258 253 1580436868828465542
-1.200000 6.200000 -0.250000 0.000000 258 253 1580436868903412130
-1.200000 6.200000 -0.000000 0.000000 258 255 1580436868983648879
-1.200000 6.200000 -0.000000 0.000000 259 257 1580436869065751367
-1.200000 6.200000 -0.000000 0.000000 259 257 1580436869138489560
-1.200000 6.400000 -0.000000 0.000000 259 255 1580436869218627236
-1.200000 6.400000 -0.000000 0.000000 259 256 1580436869293531143
-1.200000 6.400000 -0.000000 0.000000 262 257 1580436869373789075
-1.200000 6.400000 -0.000000 0.000000 261 257 1580436869456558088
-1.200000 6.400000 -0.000000 0.000000 260 257 1580436869528667647
-1.200000 6.400000 -0.000000 0.000000 259 258 1580436869608713281
-1.200000 6.400000 -0.000000 0.000000 262 257 1580436869683499714
-1.200000 6.400000 -0.000000 0.000000 262 257 1580436869764993828
-1.200000 6.400000 -0.000000 0.000000 262 256 1580436869839160877
-1.200000 6.400000 -0.000000 0.000000 263 257 1580436869918461697
-1.200000 6.400000 -0.000000 0.000000 263 257 1580436870001031635
-1.000000 6.400000 -0.000000 0.000000 266 257 1580436870073414413
-1.000000 6.400000 -0.000000 0.000000 270 257 1580436870160321188
-1.000000 6.400000 -0.000000 0.000000 271 256 1580436870228856411
-1.000000 6.400000 -0.000000 0.000000 271 257 1580436870309003394
-1.000000 6.400000 -0.000000 0.000000 273 257 1580436870388958160
-1.000000 6.400000 -0.000000 0.000000 274 256 1580436870463830579
-1.000000 6.400000 -0.000000 0.000000 275 254 1580436870544526145
-1.000000 6.400000 -0.000000 0.000000 276 256 1580436870624013818
-1.000000 6.400000 -0.000000 0.000000 276 256 1580436870700084537
-1.000000 6.400000 -0.000000 0.000000 277 256 1580436870779230870
-1.000000 6.400000 -0.000000 0.000000 281 252 1580436870854618989
-1.000000 6.400000 -0.000000 0.000000 287 254 1580436870935883476
-1.000000 6.400000 0.250000 0.000000 289 254 1580436871010481171
-1.000000 6.400000 0.250000 0.000000 289 254 1580436871088970280
-0.800000 6.400000 0.250000 0.000000 295 255 1580436871165309481
-0.800000 6.400000 0.250000 0.000000 294 253 1580436871244334195
-0.800000 6.400000 0.250000 0.000000 297 253 1580436871320186135
-0.800000 6.400000 0.250000 0.000000 294 250 1580436871399352044
-0.800000 6.400000 0.250000 0.000000 299 248 1580436871480523347
-0.800000 6.400000 0.250000 0.000000 299 247 1580436871554453791
-0.800000 6.200000 0.250000 0.000000 299 250 1580436871635714970
-0.800000 6.200000 0.250000 0.000000 301 250 1580436871712138460
2.000000 1.200000 -0.000000 0.000000 301 251 1580436871789720936
-0.800000 6.200000 0.250000 0.000000 299 250 1580436871864341568
-0.800000 6.200000 0.250000 0.000000 312 253 1580436871944166997
-0.800000 6.200000 0.250000 0.000000 312 254 1580436872019648585
-0.800000 6.200000 -0.000000 0.000000 313 254 1580436872100374545
-0.800000 6.400000 -0.000000 0.000000 313 255 1580436872174572838
-0.800000 6.400000 -0.000000 0.000000 313 255 1580436872265278840
-0.800000 6.400000 0.250000 0.000000 313 256 1580436872336011257
-0.600000 6.400000 0.250000 0.000000 316 255 1580436872409366644
-0.600000 6.200000 0.250000 0.000000 316 254 1580436872564759377
-0.600000 6.400000 0.250000 0.000000 315 255 1580436872569992663
-0.600000 6.400000 0.250000 0.000000 314 253 1580436872644606132
-0.600000 6.400000 0.250000 0.000000 316 255 1580436872724806652
-0.600000 6.400000 0.250000 0.000000 317 256 1580436872805310338
-0.600000 6.400000 0.250000 0.000000 317 254 1580436872876971829
-0.600000 6.400000 0.250000 0.000000 319 254 1580436872954687261
-0.600000 6.400000 0.250000 0.000000 320 255 1580436873034933786
-0.600000 6.400000 0.250000 0.000000 318 253 1580436873109756900
-0.600000 6.400000 0.250000 0.000000 320 254 1580436873190255693
-0.600000 6.400000 0.250000 0.000000 322 254 1580436873264903299
-0.600000 6.400000 0.250000 0.000000 325 254 1580436873344583921
-0.600000 6.400000 0.250000 0.000000 322 252 1580436873419480004
-0.400000 6.400000 0.250000 0.000000 324 252 1580436873499488402
-0.400000 6.400000 0.250000 0.000000 329 254 1580436873576805777
-0.400000 6.400000 0.250000 0.000000 332 252 1580436873656911333
-0.400000 6.400000 0.250000 0.000000 333 252 1580436873734984048
-0.400000 6.400000 0.250000 0.000000 335 251 1580436873809854915
-0.400000 6.400000 0.250000 0.000000 335 255 1580436873890193718
-0.400000 6.400000 -0.000000 0.000000 334 251 1580436873964854964
-0.400000 6.400000 -0.000000 0.000000 334 251 1580436874047559042
-0.400000 6.400000 -0.000000 0.000000 336 247 1580436874120077004
-0.400000 6.400000 -0.000000 0.000000 336 249 1580436874199988291
-0.400000 6.400000 -0.000000 0.000000 336 249 1580436874280091265
-0.400000 6.400000 -0.000000 0.000000 338 250 1580436874355102956
-0.600000 6.400000 -0.000000 0.000000 338 250 1580436874438068280
-0.600000 6.400000 -0.000000 0.000000 338 251 1580436874509538312
-0.600000 6.400000 -0.000000 0.000000 338 251 1580436874592660669
-0.400000 6.400000 -0.000000 0.000000 338 251 1580436874665295763
-0.400000 6.400000 -0.000000 0.000000 336 250 1580436874745379129
-0.400000 6.400000 -0.000000 0.000000 337 251 1580436874820376160
-0.400000 6.400000 -0.000000 0.000000 337 249 1580436874900269771
-0.400000 6.400000 -0.000000 0.000000 337 250 1580436874975602476
-0.400000 6.400000 -0.000000 0.000000 337 250 1580436875055289699
-0.400000 6.400000 -0.000000 0.000000 336 250 1580436875135516033
-0.400000 6.400000 -0.000000 0.000000 336 249 1580436875211212970
-0.400000 6.400000 -0.000000 0.000000 336 250 1580436875290086874
-0.400000 6.400000 -0.000000 0.000000 337 245 1580436875365437293
-0.400000 6.400000 -0.000000 0.000000 337 247 1580436875447213365
-0.400000 6.400000 -0.000000 0.000000 336 250 1580436875520307720
-0.400000 6.400000 -0.000000 0.000000 336 249 1580436875603201886
-0.400000 6.400000 -0.000000 0.000000 336 251 1580436875680472075
-0.400000 6.400000 -0.000000 0.000000 335 248 1580436875755410265
-0.400000 6.400000 -0.000000 0.000000 335 247 1580436875835608448
-0.400000 6.400000 -0.000000 0.000000 336 248 1580436875912621767
-0.400000 6.400000 -0.000000 0.000000 335 251 1580436875992305326
-0.400000 6.400000 -0.000000 0.000000 336 251 1580436876065318310
-0.400000 6.400000 -0.000000 0.000000 336 251 1580436876145379236
-0.400000 6.400000 -0.000000 0.000000 336 252 1580436876225776765
-0.400000 6.400000 -0.000000 0.000000 335 252 1580436876300702517
-0.400000 6.400000 -0.000000 0.000000 335 252 1580436876376820084
-0.400000 6.400000 -0.000000 0.000000 337 253 1580436876455484318
-0.400000 6.400000 -0.000000 0.000000 336 255 1580436876530970354
-0.400000 6.400000 -0.000000 0.000000 338 254 1580436876610953939
-0.400000 6.400000 -0.000000 0.000000 338 249 1580436876690697753
-0.400000 6.400000 -0.000000 0.000000 341 247 1580436876765864903
-0.400000 6.400000 -0.000000 0.000000 345 247 1580436876846179253
-0.400000 6.400000 -0.000000 0.000000 345 247 1580436876920805468
-0.400000 6.400000 -0.000000 0.000000 350 249 1580436877000800722
-0.400000 6.400000 -0.000000 0.000000 353 252 1580436877075725287
-0.400000 6.400000 -0.000000 0.000000 355 247 1580436877156030940
-0.400000 6.400000 -0.000000 0.000000 355 250 1580436877235888112
-0.400000 6.400000 -0.000000 0.000000 359 245 1580436877311111547
-0.200000 6.400000 0.250000 0.000000 359 245 1580436877391121495
-0.200000 6.400000 0.250000 0.000000 362 244 1580436877469489542
-0.200000 6.400000 0.250000 0.000000 365 243 1580436877549017810
-0.200000 6.400000 0.250000 0.000000 364 242 1580436877628780311
-0.200000 6.400000 0.250000 0.000000 363 242 1580436877701196508
-0.200000 6.400000 0.250000 0.000000 362 244 1580436877781022411
-0.200000 6.400000 0.250000 0.000000 373 252 1580436877856043475
-0.200000 6.400000 0.250000 0.000000 372 249 1580436877939397461
-0.200000 6.400000 0.250000 0.000000 372 249 1580436878011680288
-0.200000 6.400000 0.250000 0.000000 372 249 1580436878091473385
-0.200000 6.400000 0.250000 0.000000 372 250 1580436878170745555
-0.000000 6.400000 0.250000 0.000000 372 249 1580436878246590008
-0.000000 6.400000 0.250000 0.000000 372 248 1580436878326769569
-0.000000 6.400000 0.250000 0.000000 372 250 1580436878401096928
-0.000000 6.400000 0.250000 0.000000 372 250 1580436878481676231
-0.000000 6.400000 0.250000 0.000000 372 248 1580436878557309755
-0.200000 6.400000 -0.000000 0.000000 372 247 1580436878636956833
-0.200000 6.400000 -0.000000 0.000000 373 247 1580436878711423538
-0.200000 6.400000 -0.000000 0.000000 372 246 1580436878791498968
-0.200000 6.400000 -0.000000 0.000000 373 249 1580436878866341015
-0.200000 6.400000 -0.000000 0.000000 374 249 1580436878949041447
-0.200000 6.400000 -0.000000 0.000000 376 252 1580436879021770188
-0.200000 6.400000 -0.000000 0.000000 376 252 1580436879101329312
-0.200000 6.400000 -0.000000 0.000000 376 253 1580436879181378904
-0.200000 6.400000 -0.000000 0.000000 378 251 1580436879256784017
-0.200000 6.400000 -0.000000 0.000000 377 252 1580436879336587242
-0.200000 6.400000 -0.000000 0.000000 378 253 1580436879411216508
-0.200000 6.400000 -0.000000 0.000000 378 252 1580436879492831226
-0.200000 6.400000 -0.000000 0.000000 378 250 1580436879566471469
-0.000000 6.400000 -0.000000 0.000000 378 250 1580436879646374756
-0.000000 6.400000 -0.000000 0.000000 378 255 1580436879726912380
-0.000000 6.400000 -0.000000 0.000000 380 254 1580436879801888143
-0.000000 6.400000 -0.000000 0.000000 380 254 1580436879881518995
-0.000000 6.400000 -0.000000 0.000000 380 255 1580436879956820218
-0.000000 6.400000 -0.000000 0.000000 383 252 1580436880036985828
-0.000000 6.400000 -0.000000 0.000000 383 252 1580436880111500260
-0.000000 6.400000 -0.000000 0.000000 384 252 1580436880192661802
-0.000000 6.400000 -0.000000 0.000000 384 251 1580436880266822975
-0.000000 6.400000 -0.000000 0.000000 384 249 1580436880348695796
-0.000000 6.400000 -0.000000 0.000000 384 248 1580436880427926242
-0.000000 6.400000 -0.000000 0.000000 384 248 1580436880506882424
-0.000000 6.400000 -0.000000 0.000000 385 249 1580436880582056129
-0.000000 6.400000 -0.000000 0.000000 383 251 1580436880664499047
-0.000000 6.400000 -0.000000 0.000000 382 251 1580436880736963493
-0.000000 6.400000 -0.000000 0.000000 383 252 1580436880817081146
-0.000000 6.400000 -0.000000 0.000000 384 253 1580436880893446829
-0.000000 6.400000 -0.000000 0.000000 384 254 1580436880972150419
-0.000000 6.400000 -0.000000 0.000000 384 255 1580436881049890115
-0.000000 6.400000 -0.000000 0.000000 384 254 1580436881127972397
-0.000000 6.400000 -0.000000 0.000000 384 253 1580436881207443734
-0.000000 6.400000 -0.000000 0.000000 384 253 1580436881281642700
-0.000000 6.400000 -0.000000 0.000000 383 253 1580436881362326213
-0.000000 6.400000 -0.000000 0.000000 383 252 1580436881437093441
-0.000000 6.400000 -0.000000 0.000000 383 252 1580436881518811337
-0.000000 6.400000 -0.000000 0.000000 383 252 1580436881592009139
-0.000000 6.400000 -0.000000 0.000000 382 251 1580436881672079560
-0.000000 6.400000 -0.000000 0.000000 383 253 1580436881752341359
-0.000000 6.400000 -0.000000 0.000000 384 254 1580436881830585142
-0.000000 6.400000 -0.000000 0.000000 384 253 1580436881902168625
-0.000000 6.400000 -0.000000 0.000000 384 253 1580436881982266538
-0.000000 6.400000 -0.000000 0.000000 383 253 1580436882063984456
-0.000000 6.400000 -0.000000 0.000000 383 252 1580436882137424481
-0.000000 6.400000 -0.000000 0.000000 382 252 1580436882222436251
0.000000 0.000000 0.000000 0.000000 382 254 1580436882292357550
-0.000000 6.400000 -0.000000 0.000000 383 255 1580436882374611623
-0.000000 6.400000 -0.000000 0.000000 383 254 1580436882453453143
-0.000000 6.400000 -0.000000 0.000000 383 254 1580436882528517272
-0.000000 6.400000 -0.000000 0.000000 384 254 1580436882608768520
-0.000000 6.400000 -0.000000 0.000000 384 254 1580436882684883624
-0.000000 6.400000 -0.000000 0.000000 385 254 1580436882762932057
-0.000000 6.400000 -0.000000 0.000000 384 255 1580436882843206597
-0.000000 6.400000 -0.000000 0.000000 384 254 1580436882917630259
-0.000000 6.400000 -0.000000 0.000000 383 254 1580436882992447676
-0.000000 6.400000 -0.000000 0.000000 383 254 1580436883072500591
-0.000000 6.400000 -0.000000 0.000000 383 255 1580436883152586854
-0.000000 6.400000 -0.000000 0.000000 383 254 1580436883228124288
-0.000000 6.400000 -0.000000 0.000000 382 253 1580436883309712829
-0.000000 6.400000 -0.000000 0.000000 383 254 1580436883382964453
-0.000000 6.400000 -0.000000 0.000000 383 255 1580436883463302713
-0.000000 6.400000 -0.000000 0.000000 383 254 1580436883538173048
-0.000000 6.400000 -0.000000 0.000000 384 255 1580436883619577586
-0.000000 6.400000 -0.000000 0.000000 383 254 1580436883697802235
-0.000000 6.400000 -0.000000 0.000000 383 255 1580436883774037136
-0.000000 6.400000 -0.000000 0.000000 384 255 1580436883852936270
-0.000000 6.400000 -0.000000 0.000000 384 256 1580436883927940825
-0.000000 6.400000 -0.000000 0.000000 384 256 1580436884007894679
-0.000000 6.400000 -0.000000 0.000000 385 259 1580436884088047792
-0.000000 6.400000 -0.000000 0.000000 386 258 1580436884164851311
-0.000000 6.400000 -0.000000 0.000000 384 258 1580436884243509555
-0.000000 6.400000 -0.000000 0.000000 384 277 1580436884319147168
-0.000000 6.400000 -0.000000 0.000000 381 279 1580436884399038800
-0.000000 6.400000 -0.000000 0.000000 383 282 1580436884476894434
-0.000000 6.400000 -0.000000 0.000000 380 277 1580436884553291371
-0.000000 6.400000 -0.000000 0.000000 381 275 1580436884628396412
-0.000000 6.400000 -0.000000 0.000000 379 256 1580436884708417805
-0.000000 6.400000 -0.000000 0.000000 380 258 1580436884783293467
-0.000000 6.400000 -0.000000 0.000000 380 254 1580436884863029392
-0.000000 6.400000 -0.000000 0.000000 381 252 1580436884940089224
-0.000000 6.400000 -0.000000 0.000000 381 252 1580436885018422750
-0.000000 6.400000 -0.000000 0.000000 378 251 1580436885098638306
-0.000000 6.400000 -0.000000 0.000000 377 248 1580436885174314198
-0.000000 6.400000 -0.000000 0.000000 378 245 1580436885266110361
-0.000000 6.400000 -0.000000 0.000000 378 249 1580436885329444490
-0.000000 6.400000 -0.000000 0.000000 375 246 1580436885408724820
-0.000000 6.400000 -0.000000 0.000000 375 246 1580436885483544595
-0.000000 6.400000 -0.000000 0.000000 375 242 1580436885566043599
-0.000000 6.400000 -0.000000 0.000000 374 237 1580436885643359600
-0.000000 6.400000 -0.000000 0.000000 374 239 1580436885720461619
-0.000000 6.400000 -0.000000 0.000000 374 238 1580436885798361432
-0.000000 6.400000 -0.000000 0.000000 373 237 1580436885877429488
-0.000000 6.400000 -0.000000 0.000000 373 238 1580436885953053509
-0.000000 6.400000 -0.000000 0.000000 373 237 1580436886029133524
-0.000000 6.400000 -0.000000 0.000000 372 235 1580436886109597308
-0.200000 6.400000 -0.000000 0.000000 373 235 1580436886185148044
-0.200000 6.400000 -0.000000 0.000000 372 234 1580436886263607998
-0.200000 6.400000 -0.000000 0.000000 363 230 1580436886343873050
-0.200000 6.400000 -0.000000 0.000000 372 233 1580436886418576776
-0.200000 6.400000 -0.000000 0.000000 363 227 1580436886499632585
-0.200000 6.400000 -0.000000 0.000000 363 229 1580436886573491556
-0.200000 6.400000 -0.000000 0.000000 363 228 1580436886658218128
-0.200000 6.400000 -0.000000 0.000000 363 229 1580436886732772417
-0.200000 6.400000 -0.000000 0.000000 363 228 1580436886808918818
-0.200000 6.400000 -0.000000 0.000000 362 228 1580436886883971878
-0.200000 6.400000 -0.000000 0.000000 362 228 1580436886964891341
-0.200000 6.400000 -0.000000 0.000000 362 227 1580436887039002920
-0.200000 6.400000 -0.000000 0.000000 362 227 1580436887119358122
-0.200000 6.400000 -0.000000 0.000000 360 227 1580436887199719839
-0.200000 6.400000 -0.000000 0.000000 360 227 1580436887273972146
-0.200000 6.400000 -0.000000 0.000000 361 226 1580436887353850319
-0.200000 6.400000 -0.000000 0.000000 360 226 1580436887428845650
-0.200000 6.400000 -0.000000 0.000000 359 225 1580436887509059921
-0.200000 6.400000 -0.000000 0.000000 358 226 1580436887584240820
-0.200000 6.400000 -0.000000 0.000000 358 228 1580436887668760185
0.000000 0.000000 0.000000 0.000000 353 228 1580436887740011514
-0.200000 6.400000 -0.000000 0.000000 353 228 1580436887819336302
-0.200000 6.400000 -0.000000 0.000000 351 228 1580436887899259565
-0.400000 6.400000 -0.000000 0.000000 348 226 1580436887974319024
-0.200000 6.400000 -0.000000 0.000000 348 226 1580436888054407129
-0.200000 6.400000 -0.000000 0.000000 349 225 1580436888129956576
-0.200000 6.400000 -0.000000 0.000000 346 228 1580436888209508532
-0.400000 6.400000 -0.000000 0.000000 346 228 1580436888283896132
-0.400000 6.200000 -0.000000 0.000000 344 226 1580436888364835593
-0.400000 6.400000 -0.000000 0.000000 341 230 1580436888439658623
-0.400000 6.200000 -0.000000 0.000000 334 227 1580436888519363034
-0.400000 6.200000 -0.000000 0.000000 332 228 1580436888599866849
-0.400000 6.200000 -0.000000 0.000000 327 226 1580436888683152247
-0.400000 6.200000 -0.000000 0.000000 326 227 1580436888755250725
-0.400000 6.200000 -0.000000 0.000000 326 228 1580436888836569779
-0.400000 6.200000 -0.000000 0.000000 323 228 1580436888909101031
-0.400000 6.200000 -0.250000 0.000000 323 228 1580436888989298777
-0.400000 6.200000 -0.000000 0.000000 320 228 1580436889064570906
-0.400000 6.200000 -0.000000 0.000000 319 229 1580436889144398912
-0.400000 6.200000 -0.000000 0.000000 319 229 1580436889222638198
-0.400000 6.200000 -0.000000 0.000000 320 230 1580436889299523493
-0.400000 6.200000 -0.000000 0.000000 319 229 1580436889379391754
-0.400000 6.200000 -0.000000 0.000000 324 228 1580436889454302396
-0.400000 6.200000 -0.000000 0.000000 324 228 1580436889536014388
-0.400000 6.200000 -0.000000 0.000000 321 232 1580436889609685599
-0.400000 6.200000 -0.000000 0.000000 327 229 1580436889689370133
-0.400000 6.400000 -0.000000 0.000000 335 230 1580436889764528681
-0.400000 6.200000 -0.000000 0.000000 339 230 1580436889847258509
-0.400000 6.200000 -0.000000 0.000000 346 229 1580436889920161637
-0.400000 6.200000 -0.000000 0.000000 351 232 1580436890003050757
-0.400000 6.400000 -0.000000 0.000000 355 228 1580436890081601882
-0.400000 6.400000 -0.000000 0.000000 358 230 1580436890154758138
-0.400000 6.400000 -0.000000 0.000000 359 229 1580436890236363251
-0.400000 6.400000 -0.000000 0.000000 360 233 1580436890311445270
-0.200000 6.400000 -0.000000 0.000000 360 231 1580436890390518754
-0.200000 6.400000 0.250000 0.000000 373 228 1580436890464845669
-0.200000 6.400000 0.250000 0.000000 373 228 1580436890544974560
-0.200000 6.400000 0.250000 0.000000 374 235 1580436890625961523
-0.200000 6.400000 0.250000 0.000000 374 235 1580436890700539192
-0.200000 6.400000 0.250000 0.000000 375 234 1580436890781639209
-0.200000 6.400000 0.250000 0.000000 376 233 1580436890855137914
-0.200000 6.400000 0.250000 0.000000 376 233 1580436890934883700
-0.200000 6.400000 0.250000 0.000000 376 231 1580436891010212347
-0.200000 6.400000 0.250000 0.000000 377 230 1580436891090744236
-0.000000 6.400000 0.250000 0.000000 377 229 1580436891171498146
-0.000000 6.400000 0.250000 0.000000 376 231 1580436891245456503
-0.000000 6.400000 0.250000 0.000000 376 230 1580436891325942460
-0.000000 6.400000 0.250000 0.000000 375 229 1580436891402700625
-0.000000 6.400000 0.250000 0.000000 378 231 1580436891480353581
-0.000000 6.400000 0.250000 0.000000 378 231 1580436891557533993
-0.000000 6.400000 0.250000 0.000000 380 232 1580436891635372502
-0.000000 6.400000 0.250000 0.000000 379 229 1580436891711068668
-0.000000 6.400000 0.250000 0.000000 379 229 1580436891791497099
-0.000000 6.400000 0.250000 0.000000 378 228 1580436891865646001
-0.000000 6.400000 0.250000 0.000000 376 227 1580436891946146635
-0.000000 6.400000 0.250000 0.000000 378 229 1580436892025921327
-0.000000 6.400000 -0.000000 0.000000 380 232 1580436892100676039
-0.000000 6.400000 0.250000 0.000000 383 232 1580436892180745503
-0.000000 6.400000 0.250000 0.000000 383 233 1580436892255364367
-0.000000 6.400000 0.250000 0.000000 387 236 1580436892340051400
-0.000000 6.400000 0.250000 0.000000 386 244 1580436892410318859
-0.000000 6.400000 0.250000 0.000000 386 244 1580436892571049919
0.200000 6.400000 0.250000 0.000000 389 253 1580436892578117083
0.200000 6.400000 0.250000 0.000000 388 255 1580436892645342027
0.200000 6.400000 0.250000 0.000000 389 255 1580436892725814524
0.200000 6.400000 0.250000 0.000000 387 254 1580436892800938367
0.200000 6.400000 0.250000 0.000000 384 254 1580436892881346594
0.200000 6.400000 0.250000 0.000000 385 254 1580436892960456476
0.200000 6.400000 0.250000 0.000000 385 254 1580436893035517410
0.200000 6.400000 0.250000 0.000000 383 254 1580436893122831942
0.000000 0.000000 0.000000 0.000000 384 254 1580436893190525215
0.200000 6.400000 -0.000000 0.000000 384 254 1580436893271454777
0.200000 6.400000 -0.000000 0.000000 385 255 1580436893351087223
0.200000 6.400000 -0.000000 0.000000 387 254 1580436893426008302
0.200000 6.400000 -0.000000 0.000000 385 253 1580436893507646248
0.200000 6.400000 -0.000000 0.000000 387 254 1580436893580898010
0.200000 6.400000 -0.000000 0.000000 386 254 1580436893662308347
-0.000000 6.400000 -0.000000 0.000000 386 254 1580436893737802397
-0.000000 6.400000 -0.000000 0.000000 385 252 1580436893815903144
-0.000000 6.400000 -0.000000 0.000000 384 253 1580436893892065005
-0.000000 6.400000 -0.000000 0.000000 384 254 1580436893971253379
-0.000000 6.400000 -0.000000 0.000000 385 254 1580436894045717101
-0.000000 6.400000 -0.000000 0.000000 386 253 1580436894127061721
-0.000000 6.400000 -0.000000 0.000000 385 254 1580436894206837709
-0.000000 6.400000 -0.000000 0.000000 385 256 1580436894281572027
-0.000000 6.400000 -0.000000 0.000000 385 255 1580436894361163615
-0.000000 6.400000 -0.000000 0.000000 384 256 1580436894435927818
-0.000000 6.400000 -0.000000 0.000000 384 255 1580436894516231285
-0.000000 6.400000 -0.000000 0.000000 385 257 1580436894591563891
-0.000000 6.400000 -0.000000 0.000000 385 256 1580436894674132408
-0.000000 6.400000 -0.000000 0.000000 385 257 1580436894748772234
-0.000000 6.400000 -0.000000 0.000000 386 257 1580436894825842756
-0.000000 6.400000 -0.000000 0.000000 384 256 1580436894906004975
-0.000000 6.400000 -0.000000 0.000000 384 256 1580436894981602085
-0.000000 6.400000 -0.000000 0.000000 385 257 1580436895061726397
-0.000000 6.400000 -0.000000 0.000000 385 257 1580436895136710996
-0.000000 6.400000 -0.000000 0.000000 385 256 1580436895215978699
-0.000000 6.400000 -0.000000 0.000000 385 256 1580436895298425170
-0.000000 6.400000 -0.000000 0.000000 385 257 1580436895373302347
-0.000000 6.400000 -0.000000 0.000000 384 256 1580436895451802988
-0.000000 6.400000 -0.000000 0.000000 386 255 1580436895526116570
-0.000000 6.400000 -0.000000 0.000000 386 255 1580436895606329467
-0.000000 6.400000 -0.000000 0.000000 383 254 1580436895681820362
-0.000000 6.400000 -0.000000 0.000000 386 254 1580436895762388571
-0.000000 6.400000 -0.000000 0.000000 386 254 1580436895837601672
-0.000000 6.400000 -0.000000 0.000000 386 254 1580436895916774114
-0.000000 6.400000 -0.000000 0.000000 386 254 1580436895991431602
-0.000000 6.400000 -0.000000 0.000000 387 253 1580436896071440370
-0.000000 6.400000 -0.000000 -0.250000 386 254 1580436896152312034
