0.000000 15.000000
-2.018223 10.433248
0.055828 3.198416
0.055828 3.198416
0.055828 3.198416
0.055828 3.198416
0.055828 3.198416
0.055828 3.198416
0.055828 3.198416
0.055828 3.198416
0.055828 3.198416
0.000000 15.000000
0.525553 7.189456
0.525553 7.189456
0.031403 1.799109
0.000000 15.000000
0.525553 7.189456
0.525553 7.189456
-0.168566 1.802600
0.525553 7.189456
0.000000 15.000000
0.048850 2.798614
0.048850 2.798614
0.000000 15.000000
-3.219359 1.143989
-1.595718 -0.227884
0.000000 15.000000
-7.382376 -0.928982
-5.400818 0.105759
0.000000 15.000000
-8.588763 -0.549979
-8.588763 -0.549979
0.000000 15.000000
0.102269 5.600719
0.102269 5.600719
0.000000 15.000000
1.777495 0.343936
1.777495 0.343936
0.000000 -15.000000
0.197614 -5.794644
0.197614 -5.794644
0.000000 -15.000000
0.206816 -3.798333
0.206816 -3.798333
0.000000 15.000000
-6.822310 12.678479
-6.822310 12.678479
0.000000 15.000000
1.712493 5.028940
0.365046 2.005991
0.000000 -15.000000
5.497926 -26.922689
-1.211812 -7.472652
0.000000 -15.000000
0.123734 -6.751430
8.000000 -15.000000
2.892745 -8.057718
-0.739007 -5.711673
8.000000 -15.000000
-0.030707 -5.740806
3.668183 -7.906586
