0.000000 0.000000
-0.000000 0.100000
-0.000000 0.200000
-0.000000 0.300000
-0.000000 0.400000
-0.000000 0.500000
-0.000000 0.600000
-0.000000 0.700000
-0.012977 0.799154
-0.026179 0.700030
-0.043464 0.798525
-0.062163 0.700288
-0.061728 0.800287
-0.083238 0.702628
-0.110001 0.798980
-0.140879 0.703867
-0.139893 0.803862
-0.174485 0.710036
-0.214949 0.801483
-0.266140 0.715579
-0.264277 0.815561
-0.317518 0.730913
-0.376962 0.811327
-0.458153 0.752949
-0.522838 0.829211
-0.619713 0.804410
-0.700597 0.863214
-0.799827 0.875600
-0.890023 0.918781
-0.983270 0.954907
-1.073707 0.997581
-1.162686 1.043219
-1.249813 1.092299
-1.334983 1.144702
-1.418077 1.200338
-1.498977 1.259119
-1.577573 1.320947
-1.653757 1.385723
-1.727429 1.453343
-1.798494 1.523698
-1.866860 1.596678
-1.853065 1.695722
-1.940642 1.743993
-2.015204 1.810631
-2.080476 1.886391
-2.064807 1.985156
-2.142150 2.048544
-2.206958 2.124701
-2.190064 2.223263
-2.260602 2.294146
-2.318686 2.375547
-2.300622 2.473902
-2.361176 2.553483
-2.342538 2.651731
-2.400794 2.733010
-2.381588 2.831148
-2.434877 2.915766
-2.415125 3.013796
-2.461697 3.102289
-2.441436 3.200215
-2.480080 3.292446
-2.459356 3.390275
-2.438632 3.488104
-2.417908 3.585933
-2.397185 3.683763
-2.376461 3.781592
-2.355737 3.879421
-2.335013 3.977250
-2.314289 4.075079
-2.293566 4.172908
-2.272842 4.270737
-2.252118 4.368566
-2.231395 4.466394
-2.210671 4.564223
-2.189947 4.662052
-2.169224 4.759881
-2.148500 4.857710
-2.127776 4.955539
-2.107053 5.053368
-2.086329 5.151196
-2.065605 5.249025
-2.044882 5.346854
-2.024158 5.444683
-2.003434 5.542512
-1.982710 5.640341
-1.961987 5.738170
-1.941263 5.835999
-1.920539 5.933827
-1.899816 6.031656
-1.879092 6.129485
-1.858368 6.227314
-1.837645 6.325143
-1.816921 6.422972
-1.796197 6.520801
-1.775473 6.618629
-1.754750 6.716458
-1.734026 6.814287
-1.713302 6.912116
-1.692579 7.009945
-1.671855 7.107774
-1.651131 7.205603
-1.630408 7.303432
-1.609684 7.401260
-1.588960 7.499089
-1.568236 7.596918
-1.547513 7.694747
-1.526789 7.792576
-1.506065 7.890405
-1.485342 7.988234
-1.464618 8.086062
-1.442220 8.183522
-1.419091 8.280810
-1.395008 8.377867
-1.369675 8.474605
-1.342705 8.570899
-1.313589 8.666567
-1.281682 8.761340
-1.246203 8.854835
-1.206297 8.946527
-1.161208 9.035785
-1.110587 9.122025
-1.054789 9.205011
-0.994924 9.285112
-0.932545 9.363272
-0.869222 9.440668
-0.806283 9.518377
-0.744747 9.597202
-0.685359 9.677658
-0.628646 9.760021
-0.574971 9.844395
-0.524569 9.930764
-0.477579 10.019036
-0.434060 10.109071
-0.394012 10.200701
-0.357381 10.293750
-0.324072 10.388040
-0.293958 10.483397
-0.266882 10.579662
-0.242667 10.676686
-0.221120 10.774337
-0.202036 10.872499
-0.185207 10.971073
-0.170419 11.069974
-0.157464 11.169131
-0.146136 11.268488
-0.136242 11.367997
-0.127595 11.467623
-0.120024 11.567336
-0.113372 11.667114
-0.107497 11.766941
-0.102270 11.866804
-0.097579 11.966694
-0.093326 12.066604
-0.090146 12.166553
-0.086966 12.266503
-0.083787 12.366453
-0.080607 12.466403
-0.077427 12.566353
-0.074247 12.666303
-0.071067 12.766253
-0.067887 12.866202
-0.064707 12.966152
-0.061527 13.066102
-0.058347 13.166052
-0.055167 13.266002
-0.051987 13.365952
-0.048808 13.465901
-0.045628 13.565851
-0.042448 13.665801
-0.039268 13.765751
-0.036088 13.865701
-0.032908 13.965651
-0.029728 14.065600
-0.026548 14.165550
-0.023368 14.265500
-0.020188 14.365450
-0.017008 14.465400
-0.013829 14.565350
-0.010649 14.665299
-0.007469 14.765249
-0.004289 14.865199
-0.001109 14.965149
0.000000 0.000000
-0.027298 -0.096202
-0.040057 0.002981
-0.089550 -0.083912
-0.117676 0.012051
-0.189700 -0.057322
-0.247880 0.024012
-0.341287 -0.011696
-0.428620 0.037017
-0.527443 0.052315
-0.622368 0.083767
-0.716167 0.118431
-0.808157 0.157647
-0.898116 0.201321
-0.985841 0.249325
-1.071140 0.301518
-1.153834 0.357746
-1.233756 0.417850
-1.310753 0.481658
-1.384684 0.548995
-1.455423 0.619677
-1.522861 0.693515
-1.586902 0.770319
-1.647465 0.849894
-1.704486 0.932043
-1.757916 1.016573
-1.807722 1.103287
-1.853887 1.191993
-1.896408 1.282502
-1.935300 1.374630
-1.970588 1.468196
-2.002317 1.563029
-2.030541 1.658964
-2.055330 1.755842
-2.076766 1.853518
-2.094942 1.951852
-2.109962 2.050718
-2.121941 2.149998
-2.131002 2.249586
-2.137276 2.349389
-2.140903 2.449324
-2.142025 2.549317
-2.140793 2.649310
-2.137358 2.749251
-2.131875 2.849100
-2.124498 2.948828
-2.115385 3.048412
-2.104686 3.147838
-2.087202 3.246298
-2.069718 3.344757
-2.052234 3.443217
-2.034750 3.541677
-2.017266 3.640136
-1.999781 3.738596
-1.982297 3.837056
-1.964813 3.935516
-1.947328 4.033975
-1.929844 4.132435
-1.912360 4.230895
-1.894875 4.329354
-1.877391 4.427814
-1.859907 4.526274
-1.842422 4.624733
-1.824938 4.723193
-1.807454 4.821653
-1.789970 4.920113
-1.772485 5.018572
-1.755001 5.117032
-1.737517 5.215492
-1.720032 5.313951
-1.702548 5.412411
-1.685064 5.510871
-1.667579 5.609331
-1.650095 5.707790
-1.632611 5.806250
-1.615126 5.904710
-1.604038 6.004093
-1.594926 6.103677
-1.587945 6.203434
-1.583182 6.303320
-1.580625 6.403287
-1.580147 6.503286
-1.581501 6.603277
-1.584337 6.703237
-1.588227 6.803161
-1.592708 6.903061
-1.597316 7.002954
-1.601617 7.102862
-1.605228 7.202796
-1.607937 7.302760
-1.609627 7.402745
-1.610053 7.502744
-1.609031 7.602739
-1.606429 7.702705
-1.602162 7.802614
-1.596189 7.902435
-1.588504 8.002139
-1.579128 8.101699
-1.568110 8.201090
-1.555514 8.300294
-1.541425 8.399297
-1.525934 8.498090
-1.509143 8.596670
-1.491161 8.695040
-1.468145 8.792356
-1.445130 8.889671
-1.422114 8.986987
-1.399098 9.084303
-1.376083 9.181619
-1.353067 9.278934
-1.330051 9.376250
-1.307036 9.473566
-1.284020 9.570882
-1.261004 9.668198
-1.237988 9.765513
-1.214973 9.862829
-1.191957 9.960145
-1.168941 10.057461
-1.145925 10.154777
-1.122910 10.252092
-1.099894 10.349408
-1.076878 10.446724
-1.053862 10.544040
-1.030847 10.641356
-1.007831 10.738671
-0.984815 10.835987
-0.961800 10.933303
-0.938784 11.030619
-0.915768 11.127934
-0.892753 11.225250
-0.869737 11.322566
-0.846721 11.419882
-0.823705 11.517198
-0.800690 11.614513
-0.777674 11.711829
-0.754658 11.809145
-0.731642 11.906461
-0.708627 12.003777
-0.685611 12.101092
-0.662595 12.198408
-0.639579 12.295724
-0.616564 12.393040
-0.593548 12.490355
-0.570532 12.587671
-0.547516 12.684987
-0.524501 12.782303
-0.501485 12.879619
-0.478469 12.976934
-0.455453 13.074250
-0.432438 13.171566
-0.409422 13.268882
-0.386406 13.366198
-0.363390 13.463513
-0.340375 13.560829
-0.317359 13.658145
-0.294343 13.755461
-0.271327 13.852777
-0.248311 13.950092
-0.225295 14.047408
-0.202280 14.144724
-0.179264 14.242040
-0.156248 14.339355
-0.133232 14.436670
-0.110216 14.533985
-0.087200 14.631301
-0.064184 14.728617
-0.041169 14.825932
-0.018153 14.923247
0.000000 0.000000
0.096012 -0.027960
0.179566 0.026982
0.279330 0.020114
0.373512 0.053726
0.469576 0.081504
0.563713 0.115241
0.656064 0.153600
0.746422 0.196442
0.834585 0.243636
0.920361 0.295040
1.003570 0.350504
1.084043 0.409868
1.161626 0.472963
1.236175 0.539614
1.307566 0.609638
1.375685 0.682849
1.440435 0.759056
1.501734 0.838065
1.559517 0.919681
1.613732 1.003708
1.664345 1.089954
1.711338 1.178225
1.754706 1.268331
1.794461 1.360089
1.830629 1.453320
1.863251 1.547849
1.892382 1.643512
1.918090 1.740151
1.940455 1.837618
1.959569 1.935774
1.975535 2.034491
1.988468 2.133651
1.998490 2.233148
2.005730 2.332886
2.010328 2.432780
2.012426 2.532758
2.012173 2.632757
2.009721 2.732727
2.005224 2.832626
1.998837 2.932422
1.990714 3.032092
1.981010 3.131620
1.964546 3.230255
1.948083 3.328891
1.931619 3.427526
1.915155 3.526161
1.898691 3.624797
1.882228 3.723432
1.865764 3.822068
1.849300 3.920703
1.832836 4.019339
1.816373 4.117974
1.799909 4.216609
1.783445 4.315244
1.766981 4.413879
1.750517 4.512515
1.734054 4.611150
1.717590 4.709785
1.701126 4.808420
1.684662 4.907055
1.668199 5.005691
1.657935 5.105163
1.651416 5.204950
1.650528 5.304946
1.658263 5.404646
1.678975 5.502478
1.716983 5.594974
1.771809 5.678605
1.836692 5.754698
1.905045 5.827691
1.973308 5.900766
2.039781 5.975475
2.103602 6.052461
2.164292 6.131939
2.221558 6.213918
2.275211 6.298306
2.325117 6.384963
2.371188 6.473718
2.413360 6.564390
2.451597 6.656791
2.485879 6.750731
2.516208 6.846021
2.542600 6.942475
2.565087 7.039914
2.583717 7.138164
2.598552 7.237057
2.609666 7.336438
2.617147 7.436158
2.621094 7.536080
2.621988 7.636076
2.619874 7.736053
2.614803 7.835925
2.606850 7.935608
2.596109 8.035029
2.582687 8.134125
2.566703 8.232839
2.548286 8.331128
2.527572 8.428959
2.504704 8.526309
2.479825 8.623165
2.453084 8.719523
2.424629 8.815390
2.388129 8.908490
2.351630 9.001591
2.315130 9.094691
2.278631 9.187792
2.242131 9.280892
2.205632 9.373993
2.169132 9.467093
2.132633 9.560194
2.096133 9.653295
2.059634 9.746395
2.023134 9.839496
1.986635 9.932596
1.950135 10.025697
1.913636 10.118797
1.877136 10.211898
1.840637 10.304998
1.804137 10.398099
1.767638 10.491199
1.731138 10.584300
1.694639 10.677401
1.658139 10.770501
1.621640 10.863602
1.585140 10.956702
1.548641 11.049803
1.512141 11.142903
1.475642 11.236004
1.439143 11.329104
1.402643 11.422205
1.366144 11.515306
1.329645 11.608406
1.293145 11.701507
1.256646 11.794607
1.220146 11.887708
1.183647 11.980808
1.147148 12.073909
1.110648 12.167009
1.074149 12.260110
1.037650 12.353210
1.001150 12.446311
0.964651 12.539412
0.928151 12.632512
0.891652 12.725613
0.855153 12.818713
0.818653 12.911814
0.782154 13.004914
0.745655 13.098015
0.709155 13.191115
0.672656 13.284216
0.636157 13.377316
0.599657 13.470417
0.563158 13.563519
0.526659 13.656619
0.490159 13.749720
0.453660 13.842821
0.417161 13.935923
0.380661 14.029023
0.344162 14.122125
0.307663 14.215225
0.271164 14.308327
0.234664 14.401427
0.198165 14.494528
0.161666 14.587629
0.125166 14.680731
0.088667 14.773831
0.052168 14.866933
0.015668 14.960033
0.000000 0.000000
-0.000000 0.100000
-0.000000 0.200000
-0.000000 0.300000
-0.000498 0.399999
-0.001399 0.499995
-0.003057 0.599981
-0.006465 0.699923
-0.016497 0.799418
-0.072394 0.716500
-0.096507 0.813549
-0.165753 0.741404
-0.215691 0.828042
-0.302726 0.778798
-0.382602 0.838962
-0.482595 0.837769
-0.576696 0.871606
-0.672221 0.901189
-0.765922 0.936118
-0.857938 0.975272
-0.948090 1.018546
-1.036204 1.065832
-1.122113 1.117015
-1.205658 1.171971
-1.286690 1.230569
-1.365070 1.292670
-1.440667 1.358131
-1.513362 1.426800
-1.583044 1.498525
-1.649617 1.573144
-1.712993 1.650497
-1.773097 1.730419
-1.829866 1.812743
-1.883249 1.897303
-1.933205 1.983930
-1.979707 2.072460
-2.022740 2.162728
-2.062299 2.254570
-2.098394 2.347829
-2.131042 2.442349
-2.160277 2.537980
-2.186138 2.634578
-2.208680 2.732004
-2.227965 2.830127
-2.244067 2.928822
-2.257068 3.027974
-2.267060 3.127473
-2.274142 3.227222
-2.278423 3.327130
-2.280018 3.427118
-2.279048 3.527113
-2.275640 3.627055
-2.269928 3.726892
-2.262046 3.826581
-2.242204 3.924592
-2.222362 4.022604
-2.202519 4.120615
-2.182677 4.218627
-2.162834 4.316638
-2.142992 4.414650
-2.123150 4.512661
-2.103307 4.610673
-2.083465 4.708684
-2.063622 4.806696
-2.043780 4.904707
-2.023938 5.002719
-2.004095 5.100730
-1.984253 5.198742
-1.964411 5.296753
-1.944568 5.394765
-1.924726 5.492776
-1.904883 5.590788
-1.885041 5.688799
-1.865199 5.786811
-1.845356 5.884822
-1.825514 5.982834
-1.805671 6.080845
-1.785829 6.178857
-1.765987 6.276868
-1.746144 6.374880
-1.726302 6.472891
-1.706460 6.570903
-1.686617 6.668914
-1.666775 6.766926
-1.646932 6.864937
-1.627090 6.962949
-1.607248 7.060960
-1.587405 7.158972
-1.567563 7.256983
-1.547721 7.354995
-1.527879 7.453006
-1.508036 7.551018
-1.488194 7.649029
-1.468352 7.747041
-1.448509 7.845052
-1.428667 7.943064
-1.408825 8.041076
-1.388982 8.139088
-1.369140 8.237100
-1.349298 8.335112
-1.329455 8.433124
-1.309613 8.531136
-1.289770 8.629148
-1.269928 8.727160
-1.250086 8.825171
-1.230243 8.923183
-1.210401 9.021195
-1.190559 9.119207
-1.170716 9.217219
-1.150874 9.315231
-1.131031 9.413243
-1.111189 9.511255
-1.091347 9.609267
-1.071504 9.707279
-1.051662 9.805291
-1.031819 9.903303
-1.011977 10.001315
-0.992135 10.099327
-0.972292 10.197339
-0.952450 10.295351
-0.932608 10.393363
-0.912765 10.491375
-0.892923 10.589387
-0.873081 10.687399
-0.853238 10.785411
-0.833396 10.883423
-0.813554 10.981435
-0.793711 11.079447
-0.773869 11.177459
-0.754027 11.275471
-0.734185 11.373483
-0.714342 11.471495
-0.694500 11.569507
-0.674658 11.667519
-0.654815 11.765531
-0.634973 11.863543
-0.615130 11.961555
-0.595288 12.059566
-0.575446 12.157578
-0.555603 12.255590
-0.535761 12.353602
-0.515918 12.451614
-0.496076 12.549626
-0.476234 12.647638
-0.456391 12.745650
-0.436549 12.843662
-0.416707 12.941674
-0.396864 13.039686
-0.377022 13.137698
-0.357179 13.235710
-0.337337 13.333722
-0.317495 13.431734
-0.297652 13.529746
-0.277810 13.627758
-0.257967 13.725770
-0.238125 13.823782
-0.218283 13.921794
-0.198440 14.019806
-0.178598 14.117818
-0.158755 14.215830
-0.138913 14.313842
-0.119070 14.411854
-0.099228 14.509866
-0.079385 14.607878
-0.059543 14.705890
-0.039700 14.803902
-0.019858 14.901914
-0.000015 14.999926
0.000000 0.000000
0.082049 0.057166
0.156418 0.124018
0.221993 0.199516
0.278421 0.282074
0.326043 0.370007
0.365625 0.461840
0.398104 0.556419
0.424414 0.652896
0.445408 0.750667
0.461840 0.849308
0.474358 0.948521
0.483524 1.048100
0.489820 1.147902
0.493665 1.247828
0.490078 1.347763
0.486491 1.447699
0.482903 1.547635
0.479316 1.647570
0.475728 1.747506
0.472141 1.847442
0.468553 1.947377
0.464966 2.047313
0.461379 2.147249
0.457791 2.247184
0.454204 2.347120
0.450616 2.447055
0.447029 2.546991
0.443441 2.646926
0.439854 2.746862
0.436267 2.846797
0.432679 2.946733
0.429092 3.046668
0.425504 3.146604
0.421917 3.246539
0.418329 3.346475
0.414742 3.446410
0.411155 3.546346
0.407567 3.646281
0.403980 3.746217
0.400392 3.846153
0.396805 3.946088
0.393217 4.046024
0.389630 4.145959
0.386043 4.245895
0.382455 4.345830
0.378868 4.445766
0.375280 4.545702
0.371693 4.645637
0.368106 4.745573
0.364518 4.845508
0.360931 4.945444
0.357343 5.045379
0.353756 5.145315
0.350168 5.245250
0.346581 5.345186
0.342994 5.445121
0.339406 5.545057
0.335819 5.644992
0.332231 5.744928
0.328644 5.844863
0.325056 5.944799
0.321469 6.044734
0.317882 6.144670
0.314294 6.244606
0.310707 6.344541
0.307119 6.444477
0.303532 6.544412
0.299944 6.644348
0.296357 6.744283
0.292770 6.844219
0.289182 6.944154
0.285595 7.044090
0.282007 7.144025
0.278420 7.243961
0.274832 7.343896
0.271245 7.443832
0.267658 7.543767
0.264070 7.643703
0.260483 7.743639
0.256895 7.843574
0.253308 7.943510
0.249720 8.043446
0.246133 8.143381
0.242546 8.243317
0.238958 8.343252
0.235371 8.443188
0.231783 8.543123
0.228196 8.643059
0.224609 8.742994
0.221021 8.842930
0.217434 8.942865
0.213846 9.042801
0.210259 9.142736
0.206672 9.242672
0.203084 9.342607
0.199497 9.442543
0.195909 9.542479
0.192322 9.642414
0.188735 9.742350
0.185147 9.842285
0.181560 9.942221
0.177972 10.042156
0.174385 10.142092
0.170798 10.242027
0.167210 10.341963
0.163623 10.441898
0.160035 10.541834
0.156448 10.641769
0.152861 10.741705
0.149273 10.841640
0.145686 10.941576
0.142098 11.041512
0.138511 11.141447
0.134924 11.241383
0.131336 11.341318
0.127749 11.441254
0.124161 11.541189
0.120574 11.641125
0.116987 11.741060
0.113399 11.840996
0.109812 11.940931
0.106224 12.040867
0.102637 12.140802
0.099050 12.240738
0.095462 12.340673
0.091875 12.440609
0.088287 12.540545
0.084700 12.640480
0.081113 12.740416
0.077525 12.840351
0.073938 12.940287
0.070350 13.040222
0.066763 13.140158
0.063176 13.240093
0.059588 13.340029
0.056001 13.439964
0.052413 13.539900
0.048826 13.639835
0.045239 13.739771
0.041651 13.839706
0.038064 13.939642
0.034476 14.039577
0.030889 14.139513
0.027302 14.239449
0.023714 14.339384
0.020127 14.439320
0.016539 14.539255
0.012952 14.639191
0.009365 14.739126
0.005777 14.839062
0.002190 14.938997
0.000000 0.000000
-0.000000 0.100000
-0.000000 0.200000
-0.000000 0.300000
-0.000000 0.400000
-0.000000 0.500000
-0.000000 0.600000
-0.000000 0.700000
-0.000000 0.800000
-0.000000 0.900000
-0.000000 1.000000
-0.000000 1.100000
-0.000000 1.200000
-0.000000 1.300000
-0.000000 1.400000
-0.000000 1.500000
-0.000000 1.600000
-0.000000 1.700000
-0.000000 1.800000
-0.000000 1.900000
-0.000000 2.000000
-0.000000 2.100000
-0.000000 2.200000
-0.000000 2.300000
-0.000000 2.400000
-0.000000 2.500000
-0.000000 2.600000
-0.000000 2.700000
-0.000000 2.799999
-0.000000 2.899999
-0.000000 2.999999
-0.000000 3.099999
-0.000000 3.199999
-0.000000 3.299999
-0.000000 3.399999
-0.000000 3.499999
-0.000000 3.599999
-0.000000 3.699999
-0.000000 3.799999
-0.000000 3.899998
-0.000000 3.999998
-0.000000 4.099998
-0.000000 4.199998
-0.000000 4.299998
-0.000000 4.399998
-0.000000 4.499998
-0.000000 4.599998
-0.000000 4.699998
-0.000000 4.799998
-0.000000 4.899998
-0.000000 4.999998
-0.000000 5.099998
-0.000000 5.199997
-0.000000 5.299997
-0.000000 5.399997
-0.000000 5.499997
-0.000000 5.599997
-0.000000 5.699997
-0.000000 5.799997
-0.000000 5.899997
-0.000000 5.999997
-0.000000 6.099997
-0.000000 6.199996
-0.000000 6.299996
-0.000000 6.399996
-0.000000 6.499996
-0.000000 6.599996
-0.000000 6.699996
-0.000000 6.799996
-0.000000 6.899996
-0.000000 6.999996
-0.000000 7.099996
-0.000000 7.199996
-0.000000 7.299995
-0.000000 7.399995
-0.000000 7.499995
-0.000000 7.599995
-0.000000 7.699995
-0.000000 7.799995
-0.000000 7.899995
-0.000000 7.999995
-0.000000 8.099995
-0.000000 8.199995
-0.000000 8.299995
-0.000000 8.399996
-0.000000 8.499996
-0.000000 8.599997
-0.000000 8.699997
-0.000000 8.799997
-0.000000 8.899998
-0.000000 8.999998
-0.000000 9.099998
-0.000000 9.199999
-0.000000 9.299999
-0.000000 9.400000
-0.000000 9.500000
-0.000000 9.600000
-0.000000 9.700001
-0.000000 9.800001
-0.000000 9.900002
-0.000000 10.000002
-0.000000 10.100002
-0.000000 10.200003
-0.000000 10.300003
-0.000000 10.400003
-0.000000 10.500004
-0.000000 10.600004
-0.000000 10.700005
-0.000000 10.800005
-0.000000 10.900005
-0.000000 11.000006
-0.000000 11.100006
-0.000000 11.200006
-0.000000 11.300007
-0.000000 11.400007
-0.000000 11.500008
-0.000000 11.600008
-0.000000 11.700008
-0.000000 11.800009
-0.000000 11.900009
-0.000000 12.000010
-0.000000 12.100010
-0.000000 12.200010
-0.000000 12.300011
-0.000000 12.400011
-0.000000 12.500011
-0.000000 12.600012
-0.000000 12.700012
-0.000000 12.800013
-0.000000 12.900013
-0.000000 13.000013
-0.000000 13.100014
-0.000000 13.200014
-0.000000 13.300014
-0.000000 13.400015
-0.000000 13.500015
-0.000000 13.600016
-0.000000 13.700016
-0.000000 13.800016
-0.000000 13.900017
-0.000000 14.000017
-0.000000 14.100018
-0.000000 14.200018
-0.000000 14.300018
-0.000000 14.400019
-0.000000 14.500019
-0.000000 14.600019
0.000000 14.700020
-0.000000 14.800020
0.000000 14.900021
0.000000 0.000000
-0.000000 0.100000
-0.000000 0.200000
-0.000000 0.300000
-0.000000 0.400000
-0.000000 0.500000
-0.000000 0.600000
-0.000000 0.700000
-0.000000 0.800000
-0.000000 0.900000
-0.000000 1.000000
-0.000000 1.100000
-0.000000 1.200000
-0.000000 1.300000
-0.000000 1.400000
-0.000000 1.500000
-0.000000 1.600000
-0.000000 1.700000
-0.000000 1.800000
-0.000000 1.900000
-0.000000 2.000000
-0.000000 2.100000
-0.000000 2.200000
-0.000000 2.300000
-0.000000 2.400000
-0.000000 2.500000
-0.000000 2.600000
-0.000000 2.700000
-0.000000 2.799999
-0.000000 2.899999
-0.000000 2.999999
-0.000000 3.099999
-0.000000 3.199999
-0.000000 3.299999
-0.000000 3.399999
-0.000000 3.499999
-0.000000 3.599999
-0.000000 3.699999
-0.000000 3.799999
-0.000000 3.899998
-0.000000 3.999998
-0.000000 4.099998
-0.000000 4.199998
-0.000000 4.299998
-0.000000 4.399998
-0.000000 4.499998
-0.000000 4.599998
-0.000000 4.699998
-0.000000 4.799998
-0.000000 4.899998
-0.000000 4.999998
-0.000000 5.099998
-0.000000 5.199997
-0.000000 5.299997
-0.000000 5.399997
-0.000000 5.499997
-0.000000 5.599997
-0.000000 5.699997
-0.000000 5.799997
-0.000000 5.899997
-0.000000 5.999997
-0.000000 6.099997
-0.000000 6.199996
-0.000000 6.299996
-0.000000 6.399996
-0.000000 6.499996
-0.000000 6.599996
-0.000000 6.699996
-0.000000 6.799996
-0.000000 6.899996
-0.000000 6.999996
-0.000000 7.099996
-0.000000 7.199996
-0.000000 7.299995
-0.000000 7.399995
-0.000000 7.499995
-0.000000 7.599995
-0.000000 7.699995
-0.000000 7.799995
-0.000000 7.899995
-0.000000 7.999995
-0.000000 8.099995
-0.000000 8.199995
-0.000000 8.299995
-0.000000 8.399996
-0.000000 8.499996
-0.000000 8.599997
-0.000000 8.699997
-0.000000 8.799997
-0.000000 8.899998
-0.000000 8.999998
-0.000000 9.099998
-0.000000 9.199999
-0.000000 9.299999
-0.000000 9.400000
-0.000000 9.500000
-0.000000 9.600000
-0.000000 9.700001
-0.000000 9.800001
-0.000000 9.900002
-0.000000 10.000002
-0.000000 10.100002
-0.000000 10.200003
-0.000000 10.300003
-0.000000 10.400003
-0.000000 10.500004
-0.000000 10.600004
-0.000000 10.700005
-0.000000 10.800005
-0.000000 10.900005
-0.000000 11.000006
-0.000000 11.100006
-0.000000 11.200006
-0.000000 11.300007
-0.000000 11.400007
-0.000000 11.500008
-0.000000 11.600008
-0.000000 11.700008
-0.000000 11.800009
-0.000000 11.900009
-0.000000 12.000010
-0.000000 12.100010
-0.000000 12.200010
-0.000000 12.300011
-0.000000 12.400011
-0.000000 12.500011
-0.000000 12.600012
-0.000000 12.700012
-0.000000 12.800013
-0.000000 12.900013
-0.000000 13.000013
-0.000000 13.100014
-0.000000 13.200014
-0.000000 13.300014
-0.000000 13.400015
-0.000000 13.500015
-0.000000 13.600016
-0.000000 13.700016
-0.000000 13.800016
-0.000000 13.900017
-0.000000 14.000017
-0.000000 14.100018
-0.000000 14.200018
-0.000000 14.300018
-0.000000 14.400019
-0.000000 14.500019
-0.000000 14.600019
0.000000 14.700020
-0.000000 14.800020
0.000000 14.900021
0.000000 0.000000
-0.000000 0.100000
-0.000000 0.200000
-0.000000 0.300000
-0.000000 0.400000
-0.000000 0.500000
-0.000000 0.600000
-0.000000 0.700000
-0.000000 0.800000
-0.000000 0.900000
-0.000000 1.000000
-0.000000 1.100000
-0.000000 1.200000
-0.000000 1.300000
-0.000000 1.400000
-0.000000 1.500000
-0.000000 1.600000
-0.000000 1.700000
-0.000000 1.800000
-0.000000 1.900000
-0.000000 2.000000
-0.000000 2.100000
-0.000000 2.200000
-0.000000 2.300000
-0.000000 2.400000
-0.000000 2.500000
-0.000000 2.600000
-0.000000 2.700000
-0.000000 2.799999
-0.000000 2.899999
-0.000000 2.999999
-0.000000 3.099999
-0.000000 3.199999
-0.001045 3.299994
-0.002771 3.399979
-0.005682 3.499937
-0.010942 3.599798
-0.022235 3.699158
-0.063277 3.790348
-0.131371 3.717114
-0.197547 3.792087
-0.293436 3.763711
-0.383291 3.807598
-0.481290 3.827506
-0.576069 3.859393
-0.669407 3.895283
-0.760871 3.935711
-0.850239 3.980582
-0.937306 4.029768
-1.021880 4.083127
-1.103779 4.140508
-1.182833 4.201748
-1.258886 4.266679
-1.331794 4.335122
-1.401428 4.406893
-1.467672 4.481805
-1.530425 4.559664
-1.589603 4.640274
-1.645135 4.723438
-1.696967 4.808957
-1.745059 4.896633
-1.789387 4.986271
-1.829944 5.077678
-1.866736 5.170663
-1.899786 5.265044
-1.929129 5.360642
-1.954818 5.457286
-1.976915 5.554814
-1.995499 5.653072
-2.010659 5.751916
-2.022498 5.851213
-2.031126 5.950840
-2.036667 6.050686
-2.039252 6.150653
-2.039020 6.250653
-2.036116 6.350611
-2.030694 6.450464
-2.022908 6.550160
-2.012918 6.649660
-2.000886 6.748934
-1.986974 6.847961
-1.971343 6.946732
-1.954153 7.045243
-1.930296 7.142356
-1.906440 7.239469
-1.882583 7.336581
-1.858727 7.433694
-1.834870 7.530807
-1.811014 7.627919
-1.787157 7.725032
-1.763301 7.822145
-1.739444 7.919257
-1.715588 8.016370
-1.691731 8.113482
-1.667875 8.210595
-1.644018 8.307708
-1.620162 8.404820
-1.596305 8.501933
-1.572448 8.599046
-1.548592 8.696158
-1.524735 8.793271
-1.500879 8.890384
-1.477022 8.987496
-1.453166 9.084609
-1.429309 9.181722
-1.405453 9.278834
-1.381596 9.375947
-1.357740 9.473060
-1.333883 9.570172
-1.310027 9.667285
-1.286170 9.764398
-1.262314 9.861510
-1.238457 9.958623
-1.214601 10.055736
-1.190744 10.152848
-1.166888 10.249961
-1.143031 10.347074
-1.119175 10.444186
-1.095318 10.541299
-1.071462 10.638412
-1.047605 10.735524
-1.023749 10.832637
-0.999892 10.929749
-0.976035 11.026862
-0.952179 11.123975
-0.928322 11.221087
-0.904466 11.318200
-0.880609 11.415313
-0.856753 11.512425
-0.832896 11.609538
-0.809040 11.706651
-0.785183 11.803763
-0.761327 11.900876
-0.737470 11.997989
-0.713613 12.095101
-0.689757 12.192214
-0.665900 12.289327
-0.642044 12.386439
-0.618187 12.483552
-0.594331 12.580665
-0.570474 12.677777
-0.546617 12.774890
-0.522761 12.872003
-0.498904 12.969115
-0.475048 13.066228
-0.451191 13.163341
-0.427335 13.260453
-0.403478 13.357566
-0.379622 13.454679
-0.355765 13.551791
-0.331908 13.648904
-0.308052 13.746017
-0.284195 13.843129
-0.260339 13.940242
-0.236482 14.037354
-0.212626 14.134467
-0.188769 14.231580
-0.164913 14.328692
-0.141056 14.425805
-0.117199 14.522918
-0.093343 14.620030
-0.069486 14.717143
-0.045630 14.814256
-0.021773 14.911368
0.000000 0.000000
-0.095241 0.030483
-0.185069 0.074425
-0.267177 0.131506
-0.340030 0.200007
-0.403232 0.277503
-0.457279 0.361639
-0.503098 0.450524
-0.541690 0.542777
-0.573976 0.637422
-0.600745 0.733773
-0.622659 0.831342
-0.640274 0.929778
-0.654059 1.028824
-0.649382 1.128714
-0.644706 1.228605
-0.640030 1.328496
-0.635353 1.428386
-0.630677 1.528277
-0.626001 1.628167
-0.621324 1.728058
-0.616648 1.827948
-0.611972 1.927839
-0.607295 2.027730
-0.602619 2.127620
-0.597943 2.227511
-0.593266 2.327402
-0.588590 2.427293
-0.583913 2.527183
-0.579237 2.627074
-0.574561 2.726965
-0.569884 2.826855
-0.565208 2.926746
-0.560532 3.026637
-0.555855 3.126528
-0.551179 3.226418
-0.546503 3.326309
-0.541826 3.426200
-0.537150 3.526090
-0.532474 3.625981
-0.527797 3.725872
-0.523121 3.825763
-0.518445 3.925653
-0.513768 4.025544
-0.509092 4.125434
-0.504416 4.225325
-0.499739 4.325216
-0.495063 4.425107
-0.490387 4.524997
-0.485710 4.624888
-0.481034 4.724779
-0.476357 4.824669
-0.471681 4.924560
-0.467005 5.024451
-0.462328 5.124341
-0.457652 5.224232
-0.452976 5.324123
-0.448299 5.424014
-0.443623 5.523904
-0.438946 5.623795
-0.434270 5.723686
-0.429594 5.823576
-0.424917 5.923467
-0.420241 6.023358
-0.415565 6.123249
-0.410888 6.223139
-0.406212 6.323030
-0.401535 6.422921
-0.396859 6.522811
-0.392183 6.622702
-0.387506 6.722593
-0.382830 6.822484
-0.378154 6.922374
-0.373477 7.022265
-0.368801 7.122156
-0.364124 7.222046
-0.359448 7.321937
-0.354772 7.421828
-0.350095 7.521719
-0.345419 7.621609
-0.340743 7.721500
-0.336066 7.821391
-0.331390 7.921281
-0.326714 8.021172
-0.322037 8.121062
-0.317361 8.220953
-0.312684 8.320844
-0.308008 8.420734
-0.303332 8.520625
-0.298655 8.620516
-0.293979 8.720407
-0.289303 8.820297
-0.284626 8.920188
-0.279950 9.020079
-0.275273 9.119969
-0.270597 9.219860
-0.265921 9.319751
-0.261244 9.419641
-0.256568 9.519532
-0.251892 9.619423
-0.247215 9.719314
-0.242539 9.819204
-0.237862 9.919095
-0.233186 10.018986
-0.228510 10.118876
-0.223833 10.218767
-0.219157 10.318658
-0.214481 10.418549
-0.209804 10.518439
-0.205128 10.618330
-0.200451 10.718221
-0.195775 10.818111
-0.191099 10.918002
-0.186422 11.017893
-0.181746 11.117784
-0.177070 11.217674
-0.172393 11.317565
-0.167717 11.417456
-0.163040 11.517346
-0.158364 11.617237
-0.153688 11.717128
-0.149011 11.817019
-0.144335 11.916909
-0.139658 12.016800
-0.134982 12.116691
-0.130306 12.216581
-0.125629 12.316472
-0.120953 12.416363
-0.116277 12.516253
-0.111600 12.616144
-0.106924 12.716035
-0.102247 12.815926
-0.097571 12.915816
-0.092895 13.015707
-0.088218 13.115598
-0.083542 13.215488
-0.078866 13.315379
-0.074189 13.415270
-0.069513 13.515161
-0.064836 13.615051
-0.060160 13.714942
-0.055484 13.814833
-0.050807 13.914723
-0.046131 14.014614
-0.041454 14.114505
-0.036778 14.214396
-0.032102 14.314286
-0.027425 14.414177
-0.022749 14.514068
-0.018073 14.613958
-0.013396 14.713849
-0.008720 14.813740
-0.004043 14.913630
0.000000 0.000000
0.000000 -0.100000
0.000000 -0.200000
0.000000 -0.300000
0.000000 -0.400000
0.000000 -0.500000
0.000000 -0.600000
0.000000 -0.700000
0.000000 -0.800000
0.000000 -0.900000
0.000000 -1.000000
0.000000 -1.100000
0.000000 -1.200000
0.000000 -1.300000
0.000000 -1.400000
0.000000 -1.500000
0.000000 -1.600000
0.000000 -1.700000
0.000000 -1.800000
0.000000 -1.900000
0.000000 -2.000000
0.000000 -2.100000
0.000000 -2.200000
0.000000 -2.300000
0.000000 -2.400000
0.000000 -2.500000
0.000000 -2.600000
0.000000 -2.700000
0.000000 -2.799999
0.000000 -2.899999
0.000000 -2.999999
0.000000 -3.099999
0.000000 -3.199999
0.000000 -3.299999
0.000000 -3.399999
-0.001934 -3.499980
-0.005106 -3.599930
-0.010382 -3.699790
-0.019679 -3.799357
-0.038377 -3.897594
-0.088465 -3.984145
-0.188079 -3.975368
-0.281801 -4.010242
-0.379238 -4.032736
-0.474215 -4.064032
-0.567615 -4.099759
-0.659131 -4.140069
-0.748542 -4.184853
-0.835642 -4.233982
-0.920235 -4.287311
-1.002138 -4.344686
-1.081181 -4.405941
-1.157204 -4.470906
-1.230064 -4.539400
-1.299630 -4.611237
-1.365788 -4.686224
-1.428437 -4.764168
-1.487491 -4.844868
-1.542882 -4.928126
-1.594557 -5.013740
-1.642477 -5.101510
-1.686622 -5.191239
-1.726985 -5.282731
-1.763576 -5.375796
-1.796419 -5.470249
-1.825555 -5.565911
-1.851037 -5.662610
-1.872934 -5.760183
-1.891326 -5.858477
-1.906308 -5.957348
-1.917984 -6.056664
-1.926471 -6.156304
-1.931894 -6.256157
-1.934390 -6.356126
-1.934100 -6.456125
-1.931174 -6.556082
-1.925767 -6.655936
-1.918039 -6.755637
-1.908150 -6.855146
-1.896264 -6.954438
-1.882545 -7.053492
-1.867156 -7.152301
-1.850255 -7.250862
-1.827031 -7.348128
-1.803807 -7.445394
-1.780582 -7.542659
-1.757358 -7.639925
-1.734134 -7.737191
-1.710910 -7.834456
-1.687686 -7.931722
-1.664462 -8.028988
-1.641238 -8.126254
-1.618014 -8.223520
-1.594790 -8.320786
-1.571565 -8.418053
-1.548341 -8.515319
-1.525117 -8.612585
-1.501893 -8.709851
-1.478669 -8.807117
-1.455445 -8.904384
-1.432221 -9.001650
-1.408997 -9.098916
-1.385772 -9.196182
-1.362548 -9.293448
-1.339324 -9.390715
-1.316100 -9.487981
-1.292876 -9.585247
-1.269652 -9.682513
-1.246428 -9.779779
-1.223204 -9.877046
-1.199980 -9.974312
-1.176755 -10.071578
-1.153531 -10.168844
-1.130307 -10.266110
-1.107083 -10.363377
-1.083859 -10.460643
-1.060635 -10.557909
-1.037411 -10.655175
-1.014187 -10.752441
-0.990963 -10.849708
-0.967738 -10.946974
-0.944514 -11.044240
-0.921290 -11.141506
-0.898066 -11.238772
-0.874842 -11.336039
-0.851618 -11.433305
-0.828394 -11.530571
-0.805170 -11.627837
-0.781945 -11.725103
-0.758721 -11.822370
-0.735497 -11.919636
-0.712273 -12.016902
-0.689049 -12.114168
-0.665825 -12.211434
-0.642601 -12.308701
-0.619377 -12.405967
-0.596153 -12.503233
-0.572928 -12.600499
-0.549704 -12.697765
-0.526480 -12.795032
-0.503256 -12.892298
-0.480032 -12.989564
-0.456808 -13.086830
-0.433584 -13.184096
-0.410359 -13.281363
-0.387135 -13.378629
-0.363911 -13.475895
-0.340687 -13.573161
-0.317463 -13.670427
-0.294238 -13.767694
-0.271014 -13.864960
-0.247790 -13.962226
-0.224566 -14.059492
-0.201342 -14.156758
-0.178117 -14.254025
-0.154893 -14.351291
-0.131669 -14.448557
-0.108445 -14.545823
-0.085220 -14.643089
-0.061996 -14.740355
-0.038772 -14.837622
-0.015547 -14.934888
0.000000 0.000000
0.000000 -0.100000
0.000000 -0.200000
0.000000 -0.300000
0.000000 -0.400000
0.000000 -0.500000
0.000000 -0.600000
0.000000 -0.700000
0.000000 -0.800000
0.000000 -0.900000
0.000000 -1.000000
0.000000 -1.100000
0.000000 -1.200000
0.000000 -1.300000
0.000000 -1.400000
-0.002969 -1.499956
-0.008147 -1.599822
-0.017665 -1.699368
-0.037910 -1.797297
-0.097969 -1.877252
-0.194957 -1.852894
-0.285860 -1.894567
-0.384101 -1.913242
-0.479327 -1.943770
-0.573312 -1.977930
-0.665611 -2.016412
-0.756027 -2.059132
-0.844374 -2.105981
-0.930477 -2.156837
-1.014168 -2.211571
-1.095291 -2.270043
-1.173699 -2.332108
-1.249257 -2.397615
-1.321839 -2.466403
-1.391333 -2.538310
-1.457637 -2.613168
-1.520665 -2.690805
-1.580339 -2.771049
-1.636597 -2.853723
-1.689388 -2.938653
-1.738676 -3.025662
-1.784438 -3.114578
-1.826660 -3.205227
-1.865347 -3.297440
-1.900511 -3.391054
-1.932180 -3.485906
-1.960394 -3.581844
-1.985202 -3.678718
-2.006668 -3.776386
-2.024864 -3.874717
-2.039874 -3.973584
-2.051792 -4.072872
-2.060719 -4.172472
-2.066768 -4.272289
-2.070057 -4.372235
-2.070711 -4.472233
-2.068864 -4.572216
-2.064651 -4.672127
-2.058215 -4.771920
-2.049701 -4.871557
-2.039256 -4.971010
-2.019330 -5.069005
-1.999404 -5.166999
-1.979478 -5.264994
-1.959552 -5.362989
-1.939626 -5.460984
-1.919701 -5.558979
-1.899775 -5.656973
-1.879849 -5.754968
-1.859923 -5.852963
-1.839997 -5.950958
-1.820071 -6.048953
-1.800146 -6.146947
-1.780220 -6.244942
-1.760294 -6.342937
-1.740368 -6.440932
-1.720442 -6.538927
-1.700516 -6.636921
-1.680591 -6.734916
-1.660665 -6.832911
-1.640739 -6.930906
-1.620813 -7.028901
-1.600887 -7.126895
-1.580961 -7.224890
-1.561036 -7.322885
-1.541110 -7.420880
-1.521184 -7.518875
-1.501258 -7.616869
-1.481332 -7.714864
-1.461406 -7.812859
-1.441481 -7.910854
-1.421555 -8.008848
-1.401629 -8.106843
-1.381703 -8.204838
-1.361777 -8.302833
-1.341851 -8.400827
-1.321926 -8.498822
-1.302000 -8.596817
-1.282074 -8.694812
-1.262148 -8.792807
-1.242222 -8.890801
-1.222296 -8.988796
-1.202371 -9.086791
-1.182445 -9.184786
-1.162519 -9.282781
-1.142593 -9.380775
-1.122667 -9.478770
-1.102741 -9.576765
-1.082815 -9.674760
-1.062889 -9.772755
-1.042963 -9.870749
-1.023038 -9.968744
-1.003112 -10.066739
-0.983186 -10.164734
-0.963260 -10.262729
-0.943334 -10.360723
-0.923408 -10.458718
-0.903482 -10.556713
-0.883556 -10.654708
-0.863630 -10.752703
-0.843704 -10.850698
-0.823779 -10.948692
-0.803853 -11.046687
-0.783927 -11.144682
-0.764001 -11.242677
-0.744075 -11.340672
-0.724149 -11.438666
-0.704223 -11.536661
-0.684297 -11.634656
-0.664371 -11.732651
-0.644446 -11.830646
-0.624520 -11.928640
-0.604594 -12.026635
-0.584668 -12.124630
-0.564742 -12.222625
-0.544816 -12.320620
-0.524890 -12.418614
-0.504964 -12.516609
-0.485038 -12.614604
-0.465113 -12.712599
-0.445187 -12.810594
-0.425261 -12.908588
-0.405335 -13.006583
-0.385409 -13.104578
-0.365483 -13.202573
-0.345557 -13.300568
-0.325631 -13.398562
-0.305705 -13.496557
-0.285779 -13.594552
-0.265853 -13.692547
-0.245927 -13.790542
-0.226001 -13.888536
-0.206076 -13.986531
-0.186150 -14.084526
-0.166224 -14.182521
-0.146298 -14.280516
-0.126372 -14.378510
-0.106446 -14.476505
-0.086520 -14.574500
-0.066594 -14.672495
-0.046668 -14.770490
-0.026742 -14.868484
-0.006816 -14.966479
0.000000 0.000000
-0.000000 0.100000
-0.000000 0.200000
-0.000000 0.300000
-0.000000 0.400000
-0.000000 0.500000
-0.000000 0.600000
-0.000000 0.700000
-0.000000 0.800000
-0.000000 0.900000
-0.000000 1.000000
-0.000000 1.100000
-0.000000 1.200000
-0.000000 1.300000
-0.000000 1.400000
-0.000000 1.500000
-0.000000 1.600000
-0.000000 1.700000
-0.000000 1.800000
-0.000000 1.900000
-0.000000 2.000000
-0.000000 2.100000
-0.000000 2.200000
-0.000000 2.300000
-0.000000 2.400000
-0.000000 2.500000
-0.000000 2.600000
-0.000000 2.700000
-0.000000 2.799999
-0.000000 2.899999
-0.000000 2.999999
-0.000000 3.099999
-0.000000 3.199999
-0.000000 3.299999
-0.000000 3.399999
-0.000000 3.499999
-0.000000 3.599999
-0.000000 3.699999
-0.000000 3.799999
-0.000000 3.899998
-0.000000 3.999998
-0.000000 4.099998
-0.000000 4.199998
-0.000000 4.299998
-0.000000 4.399998
-0.000000 4.499998
-0.000000 4.599998
-0.000000 4.699998
-0.000000 4.799998
-0.000000 4.899998
-0.000000 4.999998
-0.000000 5.099998
-0.000000 5.199997
-0.000000 5.299997
-0.000000 5.399997
-0.000000 5.499997
-0.000000 5.599997
-0.000000 5.699997
-0.000000 5.799997
-0.000000 5.899997
-0.000000 5.999997
-0.000000 6.099997
-0.000000 6.199996
-0.000000 6.299996
-0.000000 6.399996
-0.000000 6.499996
-0.000000 6.599996
-0.000000 6.699996
-0.000000 6.799996
-0.000000 6.899996
-0.000000 6.999996
-0.000000 7.099996
-0.000000 7.199996
-0.000000 7.299995
-0.000000 7.399995
-0.000000 7.499995
-0.000000 7.599995
-0.000000 7.699995
-0.000000 7.799995
-0.000000 7.899995
-0.000000 7.999995
-0.000000 8.099995
-0.000000 8.199995
-0.000000 8.299995
-0.000000 8.399996
-0.000000 8.499996
-0.000000 8.599997
-0.000000 8.699997
-0.000000 8.799997
-0.000000 8.899998
-0.000000 8.999998
-0.000000 9.099998
-0.000000 9.199999
-0.000000 9.299999
-0.000000 9.400000
-0.000000 9.500000
-0.000000 9.600000
-0.000000 9.700001
-0.000000 9.800001
-0.000000 9.900002
-0.000000 10.000002
-0.000000 10.100002
-0.000000 10.200003
-0.000000 10.300003
-0.000000 10.400003
-0.000000 10.500004
-0.000000 10.600004
-0.000000 10.700005
-0.000000 10.800005
-0.000000 10.900005
-0.000000 11.000006
-0.000000 11.100006
-0.000000 11.200006
-0.000000 11.300007
-0.000000 11.400007
-0.000000 11.500008
-0.000000 11.600008
-0.000000 11.700008
-0.000000 11.800009
-0.000000 11.900009
-0.000000 12.000010
-0.000000 12.100010
-0.000000 12.200010
-0.000000 12.300011
-0.000000 12.400011
-0.000000 12.500011
-0.000000 12.600012
-0.000000 12.700012
-0.000000 12.800013
-0.000000 12.900013
-0.000000 13.000013
-0.000000 13.100014
-0.000000 13.200014
-0.000000 13.300014
-0.000000 13.400015
-0.000000 13.500015
-0.000000 13.600016
-0.000000 13.700016
-0.000000 13.800016
-0.000000 13.900017
-0.000000 14.000017
-0.000000 14.100018
-0.000000 14.200018
-0.000000 14.300018
-0.000000 14.400019
-0.000000 14.500019
-0.000000 14.600019
0.000000 14.700020
-0.000000 14.800020
0.000000 14.900021
0.000000 0.000000
-0.019639 0.098053
-0.058101 0.190360
-0.135033 0.254246
-0.231478 0.280674
-0.326306 0.312416
-0.419444 0.348822
-0.510673 0.389775
-0.599786 0.435150
-0.686584 0.484810
-0.770881 0.538606
-0.852504 0.596379
-0.931292 0.657962
-1.007097 0.723181
-1.079788 0.791854
-1.149248 0.863795
-1.215373 0.938811
-1.278078 1.016709
-1.337291 1.097293
-1.392958 1.180366
-1.445040 1.265733
-1.493515 1.353198
-1.538375 1.442572
-1.579628 1.533666
-1.617298 1.626300
-1.651423 1.720297
-1.682056 1.815489
-1.709263 1.911717
-1.733123 2.008829
-1.753727 2.106683
-1.771176 2.205149
-1.785586 2.304105
-1.797076 2.403443
-1.805778 2.503063
-1.811830 2.602880
-1.815376 2.702817
-1.816564 2.802810
-1.815548 2.902805
-1.812481 3.002758
-1.807520 3.102635
-1.800821 3.202410
-1.792537 3.302067
-1.777390 3.400913
-1.762244 3.499759
-1.747097 3.598605
-1.731950 3.697452
-1.716803 3.796298
-1.701657 3.895144
-1.686510 3.993990
-1.671363 4.092836
-1.656217 4.191683
-1.641070 4.290529
-1.625923 4.389376
-1.610776 4.488222
-1.595630 4.587069
-1.580483 4.685915
-1.565336 4.784761
-1.550189 4.883608
-1.535043 4.982454
-1.519896 5.081301
-1.504749 5.180147
-1.489602 5.278994
-1.474456 5.377840
-1.459309 5.476686
-1.444162 5.575533
-1.429016 5.674379
-1.413869 5.773226
-1.398722 5.872072
-1.383575 5.970919
-1.368429 6.069765
-1.353282 6.168612
-1.338135 6.267458
-1.322988 6.366304
-1.307842 6.465151
-1.292695 6.563997
-1.277548 6.662844
-1.262401 6.761690
-1.247255 6.860537
-1.232108 6.959383
-1.216961 7.058229
-1.201815 7.157076
-1.186668 7.255922
-1.171521 7.354769
-1.156374 7.453615
-1.141228 7.552462
-1.126081 7.651308
-1.110934 7.750154
-1.095787 7.849001
-1.080641 7.947847
-1.065494 8.046694
-1.050347 8.145540
-1.035200 8.244387
-1.020054 8.343233
-1.004907 8.442080
-0.989760 8.540926
-0.974614 8.639772
-0.959467 8.738619
-0.944320 8.837465
-0.929173 8.936312
-0.914026 9.035158
-0.898880 9.134005
-0.883733 9.232851
-0.868586 9.331697
-0.853439 9.430544
-0.838293 9.529390
-0.823146 9.628237
-0.807999 9.727083
-0.792852 9.825930
-0.777705 9.924776
-0.762559 10.023623
-0.747412 10.122469
-0.732265 10.221315
-0.717118 10.320162
-0.701971 10.419008
-0.686825 10.517855
-0.671678 10.616701
-0.656531 10.715548
-0.641384 10.814394
-0.626237 10.913240
-0.611091 11.012087
-0.595944 11.110933
-0.580797 11.209780
-0.565650 11.308626
-0.550503 11.407473
-0.535357 11.506319
-0.520210 11.605165
-0.505063 11.704012
-0.489916 11.802858
-0.474770 11.901705
-0.459623 12.000551
-0.444476 12.099398
-0.429329 12.198244
-0.414183 12.297091
-0.399036 12.395937
-0.383889 12.494783
-0.368742 12.593630
-0.353595 12.692476
-0.338449 12.791323
-0.323302 12.890169
-0.308155 12.989016
-0.293008 13.087862
-0.277861 13.186708
-0.262715 13.285555
-0.247568 13.384401
-0.232421 13.483248
-0.217274 13.582094
-0.202127 13.680941
-0.186981 13.779787
-0.171834 13.878633
-0.156687 13.977480
-0.141540 14.076326
-0.126393 14.175173
-0.111247 14.274019
-0.096100 14.372866
-0.080953 14.471712
-0.065806 14.570559
-0.050659 14.669405
-0.035512 14.768251
-0.020366 14.867098
-0.005219 14.965944
0.000000 0.000000
0.000000 -0.100000
0.000000 -0.200000
0.000000 -0.300000
0.000000 -0.400000
0.000000 -0.500000
0.000000 -0.600000
0.000000 -0.700000
0.000000 -0.800000
0.000000 -0.900000
0.000000 -1.000000
0.000000 -1.100000
0.000000 -1.200000
0.000000 -1.300000
0.000000 -1.400000
0.000000 -1.500000
0.000000 -1.600000
0.000000 -1.700000
0.000000 -1.800000
0.000000 -1.900000
0.000000 -2.000000
0.000000 -2.100000
0.000000 -2.200000
0.000000 -2.300000
0.000000 -2.400000
0.000000 -2.500000
0.000000 -2.600000
0.000000 -2.700000
0.000000 -2.799999
0.000000 -2.899999
0.000000 -2.999999
0.000000 -3.099999
0.000000 -3.199999
0.000000 -3.299999
0.000000 -3.399999
0.000000 -3.499999
0.000000 -3.599999
0.000000 -3.699999
0.000000 -3.799999
0.000000 -3.899998
0.000000 -3.999998
0.000000 -4.099998
0.000000 -4.199998
0.000000 -4.299998
0.000000 -4.399998
0.000000 -4.499998
0.000000 -4.599998
0.000000 -4.699998
0.000000 -4.799998
0.000000 -4.899998
0.000000 -4.999998
0.000000 -5.099998
0.000000 -5.199997
0.000000 -5.299997
0.002371 -5.399969
0.005860 -5.499908
0.010772 -5.599788
0.017496 -5.699562
0.026510 -5.799154
0.038392 -5.898446
0.053794 -5.997253
0.073372 -6.095317
0.097658 -6.192324
0.126858 -6.287965
0.160690 -6.382069
0.198343 -6.474709
0.238644 -6.566229
0.280301 -6.657139
0.322121 -6.747975
0.363111 -6.839188
0.402501 -6.931103
0.439720 -7.023919
0.474421 -7.117705
0.506679 -7.212359
0.536238 -7.307891
0.562941 -7.404260
0.586713 -7.501393
0.607540 -7.599200
0.625459 -7.697581
0.640543 -7.796437
0.652900 -7.895671
0.662660 -7.995193
0.669970 -8.094926
0.674990 -8.194799
0.677891 -8.294757
0.678845 -8.394753
0.678027 -8.494749
0.675610 -8.594720
0.671763 -8.694646
0.666646 -8.794515
0.660414 -8.894320
0.653210 -8.994061
0.645168 -9.093737
0.636410 -9.193353
0.625515 -9.292757
0.614620 -9.392161
0.603725 -9.491566
0.592831 -9.590970
0.581936 -9.690374
0.571041 -9.789779
0.560146 -9.889183
0.549251 -9.988587
0.538357 -10.087992
0.527462 -10.187396
0.516567 -10.286800
0.505672 -10.386205
0.494778 -10.485609
0.483883 -10.585013
0.472988 -10.684418
0.462093 -10.783822
0.451199 -10.883226
0.440304 -10.982631
0.429409 -11.082035
0.418514 -11.181439
0.407620 -11.280844
0.396725 -11.380248
0.385830 -11.479652
0.374935 -11.579057
0.364041 -11.678461
0.353146 -11.777865
0.342251 -11.877270
0.331356 -11.976674
0.320462 -12.076078
0.309567 -12.175483
0.298672 -12.274887
0.287777 -12.374291
0.276883 -12.473696
0.265988 -12.573100
0.255093 -12.672504
0.244198 -12.771909
0.233304 -12.871313
0.222409 -12.970717
0.211514 -13.070122
0.200619 -13.169526
0.189725 -13.268930
0.178830 -13.368335
0.167935 -13.467739
0.157041 -13.567143
0.146146 -13.666548
0.135251 -13.765952
0.124356 -13.865356
0.113462 -13.964761
0.102567 -14.064165
0.091672 -14.163569
0.080778 -14.262974
0.069883 -14.362378
0.058988 -14.461782
0.048094 -14.561187
0.037199 -14.660591
0.026304 -14.759995
0.015410 -14.859400
0.004515 -14.958804
0.000000 0.000000
0.000000 -0.100000
0.000000 -0.200000
0.000000 -0.300000
0.000000 -0.400000
0.000000 -0.500000
0.000000 -0.600000
0.000000 -0.700000
0.000000 -0.800000
0.000000 -0.900000
0.000000 -1.000000
0.000000 -1.100000
0.000000 -1.200000
0.000000 -1.300000
0.000000 -1.400000
0.000000 -1.500000
0.000000 -1.600000
0.000000 -1.700000
0.000000 -1.800000
0.000000 -1.900000
0.000000 -2.000000
0.000000 -2.100000
0.000000 -2.200000
0.000000 -2.300000
0.000000 -2.400000
0.000000 -2.500000
0.000000 -2.600000
0.000000 -2.700000
0.000000 -2.799999
0.000000 -2.899999
0.000000 -2.999999
0.000000 -3.099999
0.000000 -3.199999
0.000000 -3.299999
0.000000 -3.399999
0.000000 -3.499999
0.000000 -3.599999
0.000000 -3.699999
0.000000 -3.799999
0.000000 -3.899998
0.000000 -3.999998
0.000000 -4.099998
0.000000 -4.199998
0.000000 -4.299998
-0.000355 -4.399998
-0.000910 -4.499996
-0.001750 -4.599993
-0.003012 -4.699985
-0.004924 -4.799966
-0.007902 -4.899922
-0.012795 -4.999802
-0.021701 -5.099405
-0.041887 -5.197346
-0.118160 -5.262017
-0.211506 -5.226149
-0.299125 -5.274346
-0.397063 -5.294544
-0.491077 -5.328623
-0.583193 -5.367542
-0.672892 -5.411748
-0.759871 -5.461090
-0.843861 -5.515365
-0.924612 -5.574350
-1.001898 -5.637807
-1.075518 -5.705484
-1.145292 -5.777119
-1.211069 -5.852441
-1.272720 -5.931176
-1.330146 -6.013043
-1.383272 -6.097764
-1.432052 -6.185060
-1.476465 -6.274656
-1.516516 -6.366285
-1.552235 -6.459688
-1.583678 -6.554616
-1.610922 -6.650834
-1.634068 -6.748118
-1.653235 -6.846264
-1.668564 -6.945082
-1.680210 -7.044402
-1.688344 -7.144070
-1.693149 -7.243955
-1.694986 -7.343938
-1.694098 -7.443934
-1.690635 -7.543874
-1.684755 -7.643701
-1.676629 -7.743370
-1.666431 -7.842849
-1.654338 -7.942115
-1.640525 -8.041156
-1.625163 -8.139969
-1.608420 -8.238557
-1.590453 -8.336929
-1.571412 -8.435100
-1.551436 -8.533084
-1.530654 -8.630900
-1.507287 -8.728132
-1.483920 -8.825364
-1.460553 -8.922596
-1.437186 -9.019828
-1.413818 -9.117060
-1.390451 -9.214292
-1.367084 -9.311523
-1.343717 -9.408755
-1.320350 -9.505987
-1.296983 -9.603219
-1.273615 -9.700451
-1.250248 -9.797683
-1.226881 -9.894915
-1.203514 -9.992146
-1.180147 -10.089378
-1.156780 -10.186610
-1.133412 -10.283842
-1.110045 -10.381074
-1.086678 -10.478306
-1.063311 -10.575538
-1.039944 -10.672770
-1.016577 -10.770001
-0.993209 -10.867233
-0.969842 -10.964465
-0.946475 -11.061697
-0.923108 -11.158929
-0.899741 -11.256161
-0.876373 -11.353393
-0.853006 -11.450624
-0.829639 -11.547856
-0.806272 -11.645088
-0.782904 -11.742320
-0.759537 -11.839552
-0.736170 -11.936784
-0.712803 -12.034016
-0.689435 -12.131248
-0.666068 -12.228479
-0.642701 -12.325711
-0.619334 -12.422943
-0.595966 -12.520175
-0.572599 -12.617407
-0.549232 -12.714639
-0.525865 -12.811871
-0.502497 -12.909102
-0.479130 -13.006334
-0.455763 -13.103566
-0.432395 -13.200798
-0.409028 -13.298030
-0.385661 -13.395262
-0.362294 -13.492494
-0.338926 -13.589725
-0.315559 -13.686957
-0.292192 -13.784189
-0.268824 -13.881421
-0.245457 -13.978653
-0.222090 -14.075885
-0.198722 -14.173117
-0.175355 -14.270349
-0.151988 -14.367580
-0.128620 -14.464812
-0.105253 -14.562044
-0.081885 -14.659276
-0.058518 -14.756508
-0.035151 -14.853740
-0.011783 -14.950972
0.000000 0.000000
0.047059 -0.088235
0.094118 -0.176471
0.141176 -0.264706
0.188235 -0.352941
0.235294 -0.441176
0.282353 -0.529412
0.329412 -0.617647
0.376471 -0.705882
0.423529 -0.794118
0.470588 -0.882353
0.517647 -0.970588
0.564706 -1.058824
0.611765 -1.147059
0.658823 -1.235294
0.705882 -1.323529
0.752941 -1.411765
0.800000 -1.500000
0.847059 -1.588235
0.894118 -1.676471
0.941176 -1.764706
0.988235 -1.852941
1.035294 -1.941176
1.082353 -2.029412
1.129412 -2.117647
1.176471 -2.205882
1.223529 -2.294118
1.270588 -2.382353
1.317647 -2.470588
1.364706 -2.558824
1.411765 -2.647059
1.458823 -2.735295
1.505882 -2.823530
1.552941 -2.911765
1.600000 -3.000001
1.647059 -3.088236
1.694118 -3.176471
1.741176 -3.264707
1.788235 -3.352942
1.835294 -3.441178
1.882353 -3.529413
1.929412 -3.617648
1.976470 -3.705884
2.023529 -3.794119
2.070588 -3.882354
2.117647 -3.970590
2.164706 -4.058825
2.211765 -4.147060
2.258823 -4.235296
2.305882 -4.323531
2.352941 -4.411767
2.400000 -4.500002
2.447059 -4.588237
2.494117 -4.676473
2.541176 -4.764708
2.588235 -4.852943
2.635294 -4.941179
2.682353 -5.029414
2.729412 -5.117650
2.776470 -5.205885
2.823529 -5.294120
2.870588 -5.382356
2.917647 -5.470591
2.964706 -5.558826
3.014210 -5.645713
3.064890 -5.731919
3.117062 -5.817231
3.171111 -5.901366
3.227498 -5.983952
3.286741 -6.064515
3.349357 -6.142484
3.415764 -6.217251
3.486128 -6.288307
3.560234 -6.355451
3.637470 -6.418969
3.716960 -6.479642
3.797763 -6.538557
3.879020 -6.596844
3.960018 -6.655488
4.040193 -6.715255
4.119103 -6.776681
4.196408 -6.840116
4.271850 -6.905755
4.345236 -6.973685
4.416428 -7.043911
4.485337 -7.116379
4.551912 -7.190996
4.616139 -7.267644
4.678035 -7.346186
4.737645 -7.426477
4.795035 -7.508369
4.850294 -7.591715
4.903526 -7.676369
4.954920 -7.762151
5.004650 -7.848909
5.052817 -7.936544
5.099534 -8.024961
5.144917 -8.114070
5.189088 -8.203786
5.232167 -8.294031
5.274271 -8.384735
5.315515 -8.475834
5.356007 -8.567269
5.394023 -8.659761
5.432039 -8.752254
5.470056 -8.844746
5.508072 -8.937238
5.546088 -9.029730
5.584105 -9.122222
5.622121 -9.214714
5.660137 -9.307206
5.698153 -9.399698
5.736170 -9.492190
5.774186 -9.584682
5.812202 -9.677175
5.850219 -9.769667
5.888235 -9.862159
5.926251 -9.954651
5.964268 -10.047143
6.002284 -10.139635
6.040300 -10.232127
6.078317 -10.324619
6.116333 -10.417111
6.154349 -10.509604
6.192366 -10.602096
6.230382 -10.694588
6.268398 -10.787080
6.306415 -10.879572
6.344431 -10.972064
6.382447 -11.064556
6.420464 -11.157048
6.458480 -11.249540
6.496496 -11.342032
6.534513 -11.434525
6.572529 -11.527017
6.610545 -11.619509
6.648561 -11.712001
6.686578 -11.804493
6.724594 -11.896985
6.762610 -11.989477
6.800627 -12.081969
6.838643 -12.174461
6.876659 -12.266953
6.914676 -12.359446
6.952692 -12.451938
6.990708 -12.544430
7.028725 -12.636922
7.066741 -12.729414
7.104757 -12.821906
7.142774 -12.914398
7.180790 -13.006890
7.218806 -13.099382
7.256823 -13.191875
7.294839 -13.284367
7.332855 -13.376859
7.370872 -13.469351
7.408888 -13.561843
7.446904 -13.654335
7.484921 -13.746827
7.522937 -13.839319
7.560953 -13.931811
7.598969 -14.024303
7.636985 -14.116796
7.675001 -14.209288
7.713017 -14.301780
7.751034 -14.394272
7.789050 -14.486764
7.827066 -14.579256
7.865082 -14.671748
7.903098 -14.764240
7.941114 -14.856732
7.979130 -14.949224
0.000000 0.000000
0.047059 -0.088235
0.094118 -0.176471
0.141176 -0.264706
0.188235 -0.352941
0.235294 -0.441176
0.282353 -0.529412
0.329412 -0.617647
0.376471 -0.705882
0.423529 -0.794118
0.470588 -0.882353
0.517647 -0.970588
0.564706 -1.058824
0.611765 -1.147059
0.658823 -1.235294
0.705882 -1.323529
0.752941 -1.411765
0.800000 -1.500000
0.847059 -1.588235
0.894118 -1.676471
0.941176 -1.764706
0.988235 -1.852941
1.035294 -1.941176
1.082353 -2.029412
1.129412 -2.117647
1.176471 -2.205882
1.223529 -2.294118
1.270588 -2.382353
1.317647 -2.470588
1.364706 -2.558824
1.411765 -2.647059
1.458823 -2.735295
1.505882 -2.823530
1.552941 -2.911765
1.600000 -3.000001
1.647059 -3.088236
1.694118 -3.176471
1.741176 -3.264707
1.788235 -3.352942
1.835294 -3.441178
1.882353 -3.529413
1.929412 -3.617648
1.976470 -3.705884
2.023529 -3.794119
2.070588 -3.882354
2.117647 -3.970590
2.164706 -4.058825
2.211765 -4.147060
2.258823 -4.235296
2.305882 -4.323531
2.352941 -4.411767
2.400000 -4.500002
2.447059 -4.588237
2.494117 -4.676473
2.541176 -4.764708
2.588235 -4.852943
2.635294 -4.941179
2.682353 -5.029414
2.729412 -5.117650
2.776470 -5.205885
2.823529 -5.294120
2.870588 -5.382356
2.917647 -5.470591
2.964706 -5.558826
3.013006 -5.646389
3.061976 -5.733577
3.111886 -5.820232
3.163143 -5.906097
3.216384 -5.990745
3.272653 -6.073412
3.333711 -6.152608
3.402531 -6.225160
3.483282 -6.284145
3.577037 -6.318931
3.676299 -6.331054
3.776159 -6.336352
3.875922 -6.343229
3.975309 -6.354284
4.074016 -6.370313
4.171737 -6.391540
4.268181 -6.417971
4.363074 -6.449519
4.456165 -6.486044
4.547225 -6.527375
4.636045 -6.573320
4.722445 -6.623669
4.806267 -6.678203
4.887379 -6.736691
4.965676 -6.798897
5.041078 -6.864582
5.113533 -6.933504
5.183012 -7.005424
5.249516 -7.080106
5.313066 -7.157316
5.373709 -7.236830
5.431513 -7.318431
5.486567 -7.401912
5.538979 -7.487076
5.589070 -7.573626
5.636937 -7.661425
5.682684 -7.750348
5.726432 -7.840271
5.768312 -7.931079
5.808460 -8.022665
5.847022 -8.114931
5.884140 -8.207788
5.919958 -8.301153
5.954616 -8.394956
5.988247 -8.489130
6.020981 -8.583621
6.052937 -8.678378
6.082372 -8.773948
6.111808 -8.869517
6.141243 -8.965087
6.170679 -9.060657
6.200115 -9.156226
6.229550 -9.251796
6.258986 -9.347365
6.288422 -9.442935
6.317857 -9.538505
6.347293 -9.634074
6.376729 -9.729644
6.406164 -9.825213
6.435600 -9.920783
6.465035 -10.016353
6.494471 -10.111922
6.523907 -10.207492
6.553342 -10.303061
6.582778 -10.398631
6.612214 -10.494201
6.641649 -10.589770
6.671085 -10.685340
6.700521 -10.780910
6.729956 -10.876479
6.759392 -10.972049
6.788827 -11.067618
6.818263 -11.163188
6.847699 -11.258758
6.877134 -11.354327
6.906570 -11.449897
6.936006 -11.545466
6.965441 -11.641036
6.994876 -11.736606
7.024312 -11.832175
7.053747 -11.927745
7.083182 -12.023314
7.112618 -12.118884
7.142053 -12.214454
7.171489 -12.310023
7.200924 -12.405593
7.230360 -12.501163
7.259795 -12.596732
7.289230 -12.692302
7.318666 -12.787871
7.348101 -12.883441
7.377536 -12.979011
7.406972 -13.074580
7.436407 -13.170150
7.465843 -13.265719
7.495278 -13.361289
7.524714 -13.456859
7.554149 -13.552428
7.583584 -13.647998
7.613019 -13.743567
7.642455 -13.839137
7.671890 -13.934707
7.701326 -14.030276
7.730761 -14.125846
7.760196 -14.221416
7.789632 -14.316985
7.819067 -14.412555
7.848503 -14.508124
7.877938 -14.603694
7.907373 -14.699264
7.936809 -14.794833
7.966244 -14.890403
7.995679 -14.985972
